====================ACORN INDEX====================
Search lists       QPS      QPS(filter)      dist_cmp    recall@10
10        37914.6        13156.9        102.76    0.6345
20        27743.8        11672.1        131.85    0.797
50        15007.3        8601.05        185.983    0.9115
100        9373.79        6397.51        253.375    0.949
150        7094.98        5247.27        319.081    0.961
200        5896.22        4561.41        380.096    0.967
250        5045.29        4034.94        435.942    0.9695
300        4451.18        3645.78        487.266    0.9715
400        3620.9        3069.32        541.542    0.974
500        3078.34        2670.37        595.391    0.9745
600        2691.64        2374.45        647.094    0.9745
700        2391.51        2137.78        696.152    0.975
800        2151.02        1943.54        742.306    0.976
1000        1789.6        1643.61        788.748    0.9765
1200        1530.51        1422.46        833.837    0.9765
