====================ACORN INDEX====================
Search lists       QPS      QPS(filter)      dist_cmp    recall@10
10        41947.2        13270.6        88.04    0.513
20        32108.3        12097.8        112.903    0.674
50        18148.9        9379.56        158.173    0.82
100        10740        6914.45        216.001    0.88
150        8319.47        5823.6        273.507    0.8955
200        6775.55        5022.49        327.418    0.904
250        5804.5        4468.37        377.409    0.9065
300        5104.52        4041.71        423.732    0.9115
400        4186.56        3443.83        473.163    0.9165
500        3594.92        3033.2        522.784    0.92
600        3135.54        2699.5        570.996    0.922
700        2798.26        2445.71        617.138    0.9235
800        2515.88        2227.22        660.927    0.9245
1000        2090.17        1886.99        705.691    0.9255
1200        1730.15        1588.56        749.575    0.926
