====================ACORN INDEX====================
Search lists       QPS      QPS(filter)      dist_cmp    recall@10
10        25335.6        11253.1        168.865    0.8285
20        17812.5        9475.55        210.993    0.9215
50        9518.34        6474.39        286.737    0.972
100        5863.37        4546.6        375.666    0.9855
150        4547.41        3713.33        458.244    0.988
200        3714.3        3138.5        532.577    0.9885
250        3163.9        2736.28        599.206    0.99
300        2785.75        2448.79        658.68    0.991
400        2230.2        2008.9        718.763    0.9915
500        1862.33        1705.45        776.194    0.9925
600        1611.24        1492.46        829.88    0.9925
700        1422.62        1329.21        879.467    0.9925
800        1272.29        1197.06        925.08    0.993
1000        1061.55        1008.66        969.201    0.993
1200        910.883        871.665        1010.62    0.993
