====================ACORN INDEX====================
Search lists       QPS      QPS(filter)      dist_cmp    recall@10
10        31791.9        12342.7        125.29    0.68
20        23702.7        10898.7        155.69    0.826
50        12894.8        7866.88        214.142    0.9335
100        8170.62        5815.49        285.317    0.96
150        6168.64        4724.22        354.505    0.967
200        5107.75        4075.88        418.321    0.971
250        4419.2        3625.15        476.681    0.9735
300        3875.97        3251.35        529.986    0.975
400        3170.07        2739.61        585.643    0.9755
500        2689.73        2373.33        640.443    0.976
600        2356.02        2109.66        692.796    0.9765
700        2098.68        1900.94        742.134    0.977
800        1895.23        1732.49        788.373    0.977
1000        1589.66        1473.56        834.605    0.977
1200        1363.99        1277.61        879.328    0.977
