====================ACORN INDEX====================
Search lists       QPS      QPS(filter)      dist_cmp    recall@10
10        29048.4        11928.2        140.04    0.75
20        20809.2        10260        175.95    0.8775
50        11399.3        7292.1        241.05    0.946
100        7126.81        5270.78        320.07    0.9675
150        5448.99        4293.13        395.026    0.9775
200        4523.55        3697.2        463.392    0.979
250        3873.34        3251.13        525.385    0.981
300        3406.75        2915.92        581.311    0.9825
400        2749.03        2420.28        638.954    0.984
500        2328.51        2088.25        695.029    0.985
600        2024.7        1840.57        748.15    0.9855
700        1805.67        1657.77        797.681    0.9855
800        1624.67        1503.94        843.639    0.9855
1000        1365.64        1279.32        889.145    0.9855
1200        1174.49        1110.07        932.568    0.9855
