====================ACORN INDEX====================
Search lists       QPS      QPS(filter)      dist_cmp    recall@10
10        25097.6        11188.2        172.95    0.7995
20        17536.2        9384.39        213.31    0.895
50        9643.63        6526.12        284.775    0.961
100        6093.67        4680.78        371.031    0.9755
150        4632.52        3767.89        451.498    0.979
200        3795.92        3195.14        524.013    0.9805
250        3238.61        2790.88        588.988    0.9805
300        2851.68        2498.71        647.126    0.9815
400        2303.19        2067.33        706.169    0.982
500        1955.8        1783.05        762.681    0.982
600        1697.38        1565.73        815.534    0.9825
700        1508.68        1403.77        864.376    0.983
800        1354.96        1269.74        909.545    0.983
1000        1131.25        1071.23        953.469    0.983
1200        967.058        922.85        994.914    0.983
