====================ACORN INDEX====================
Search lists       QPS      QPS(filter)      dist_cmp    recall@10
10        19404.1        9805.39        220.16    0.9025
20        13154.5        7907.07        274.015    0.962
50        7185.72        5273.86        363.647    0.9825
100        4444.13        3630.22        465.811    0.9875
150        3312.91        2838.5        558.53    0.9885
200        2693.6        2371.36        639.918    0.9895
250        2272.81        2039.01        711.146    0.9895
300        1964.66        1787.49        773.819    0.9895
400        1561.43        1447.41        835.231    0.99
500        1296.33        1216.75        892.385    0.99
600        1111.05        1052.08        944.703    0.99
700        973.041        927.51        992.116    0.99
800        864.842        828.686        1035.03    0.99
1000        712.507        687.784        1075.34    0.9905
1200        608.709        590.573        1112.3    0.9905
