====================ACORN INDEX====================
Search lists       QPS      QPS(filter)      dist_cmp    recall@10
10        27537        11711.7        155.075    0.74
20        20010        10096.4        191.875    0.864
50        11010.8        7148.49        256.935    0.944
100        6866.73        5136.11        336.759    0.969
150        5214.17        4151.87        412.721    0.979
200        4333.23        3573.41        481.822    0.983
250        3740.62        3160.5        544.328    0.984
300        3273.59        2820.52        600.962    0.9845
400        2676.12        2365.49        659.288    0.9845
500        2272.26        2044.32        715.784    0.9845
600        1989.95        1812.92        769.179    0.985
700        1772.77        1630.9        818.926    0.986
800        1602.91        1486.03        865.32    0.986
1000        1346.57        1263.1        911.031    0.9865
1200        1158.56        1096.24        954.633    0.9865
