====================ACORN INDEX====================
Search lists       QPS      QPS(filter)      dist_cmp    recall@10
10        21589        10520.2        199.67    0.8665
20        14752.6        8582.22        248.6    0.943
50        8026.61        5769.65        332.35    0.983
100        4996.25        4017.92        429.059    0.9925
150        3768.89        3184.05        518.19    0.9955
200        3076.12        2675.08        597.072    0.997
250        2607.47        2313.48        666.95    0.997
300        2269.68        2043.63        728.783    0.997
400        1813.3        1666.07        790.327    0.9975
500        1521.57        1416.53        848.285    0.998
600        1313.31        1234.31        901.82    0.9985
700        1152.46        1091.18        950.743    0.9985
800        1034.62        984.96        995.335    0.999
1000        861.767        827.033        1037.77    0.999
1200        740.524        714.73        1077.17    0.999
