GT,Result
242462 267296 271544 240991 264757 274059 262805 256296 253543 274596 ,242462 267296 271544 240991 264757 274059 262805 256296 253543 274596 
67210 42669 353083 68477 54856 65255 42541 44119 40436 60544 ,67210 42669 353083 68477 54856 65255 42541 44119 40436 60544 
177969 177945 21334 111332 22382 246186 31169 95791 272073 533177 ,177969 177945 21334 111332 22382 246186 31169 95791 272073 168641 
525078 86071 524212 530022 118406 558457 532136 538841 88276 527369 ,525078 86071 524212 530022 118406 558457 532136 538841 88276 527369 
81032 99224 113820 87755 85556 104104 98765 81492 96362 103617 ,81032 99224 113820 87755 85556 104104 98765 81492 96362 103617 
455230 455455 477402 449858 461813 468213 451140 448486 459780 22966 ,455230 455455 477402 449858 468213 448486 459780 22966 469005 446159 
257718 257918 274865 278685 244212 240836 253823 240847 279583 255345 ,257718 257918 274865 278685 244212 240836 253823 240847 279583 255345 
558594 36877 501836 22892 486027 21460 88555 488294 113132 511475 ,558594 36877 501836 22892 486027 21460 88555 488294 113132 511475 
47654 70561 55982 77753 46892 43507 261284 45829 53139 77932 ,47654 70561 55982 77753 46892 43507 261284 45829 53139 77932 
305340 313721 313685 297171 276324 246565 282077 280828 241720 294409 ,305340 313721 313685 297171 276324 246565 282077 280828 241720 294409 
391491 435190 422482 364361 369604 363237 380280 404133 430022 430303 ,391491 435190 422482 364361 369604 363237 380280 404133 430022 430303 
495798 540100 559822 498485 523418 494637 514961 554624 543179 515376 ,495798 540100 559822 498485 523418 494637 514961 554624 543179 515376 
233225 37799 232647 399032 213593 213784 216748 414847 409598 25739 ,233225 37799 232647 213593 213784 216748 25739 214835 233739 288793 
295809 305845 294706 311080 473308 454064 310510 10505 506420 209410 ,295809 305845 294706 311080 473308 454064 310510 10505 506420 209410 
433467 409880 419804 403993 413449 430195 416402 431402 431522 427995 ,433467 409880 419804 403993 413449 430195 416402 431402 431522 427995 
355041 344008 332746 344298 327542 320582 355885 337394 322062 331879 ,355041 344008 332746 344298 327542 320582 355885 337394 322062 331879 
545204 539440 553976 533224 554230 524685 465254 501170 103308 463052 ,545204 539440 553976 533224 554230 524685 465254 501170 103308 463052 
318252 310792 314536 314642 280134 283861 294965 305869 297622 288470 ,318252 310792 314536 314642 280134 283861 294965 305869 297622 288470 
8667 11034 29520 2072 551327 540476 30487 31297 38795 9301 ,8667 11034 29520 2072 551327 540476 30487 31297 38795 9301 
342856 278609 241347 251802 279832 256331 21213 256533 256689 248562 ,342856 278609 241347 251802 279832 256331 21213 256533 256689 248562 
156973 154305 144493 125174 129340 133353 142623 134387 135519 167742 ,156973 154305 144493 125174 129340 133353 142623 134387 135519 167742 
161193 109257 165968 197488 172945 194596 129436 176210 194192 87612 ,161193 109257 165968 197488 172945 194596 129436 176210 194192 87612 
484710 534731 440031 505085 506699 506218 507275 483262 504569 487159 ,484710 534731 440031 505085 506699 506218 507275 483262 504569 487159 
388603 398005 395091 394307 385119 372131 390227 381695 373918 385412 ,388603 398005 395091 394307 385119 372131 390227 381695 373918 385412 
398664 368111 369002 364000 377210 399490 437425 428391 386418 392614 ,398664 368111 369002 364000 377210 399490 437425 428391 386418 392614 
85153 275591 107809 91683 121887 553649 93573 121020 270651 111720 ,85153 275591 107809 91683 121887 553649 93573 121020 270651 111720 
4034 105150 112240 12830 178495 5990 188054 327375 179567 7692 ,4034 105150 112240 12830 178495 5990 188054 327375 179567 13386 
422410 251267 429948 308095 294686 439843 421253 425411 319343 418104 ,422410 251267 429948 308095 294686 439843 421253 425411 319343 418104 
125315 151797 149170 147704 126426 151040 126858 150047 128274 148795 ,125315 151797 147704 126426 151040 126858 150047 128274 148795 134691 
363079 392192 360970 365585 381284 393575 370609 384793 369328 361569 ,363079 369328 361569 379033 375447 388381 376247 372997 376515 387683 
247827 8547 37119 23316 548018 268099 208342 274960 261455 28404 ,247827 8547 37119 23316 548018 268099 208342 274960 261455 28404 
506632 397862 369012 507663 367272 70392 516239 372462 374320 250192 ,506632 397862 369012 507663 70392 516239 374320 250192 397093 509877 
94377 185751 540088 89584 90261 146473 91738 8022 246182 207399 ,94377 185751 540088 89584 90261 146473 91738 8022 246182 207399 
465690 475791 443875 519377 534117 451867 527694 480092 469021 520485 ,465690 475791 443875 519377 534117 451867 527694 480092 469021 520485 
19118 11814 36856 12820 24113 23015 36441 23972 19354 17477 ,19118 11814 36856 12820 24113 23015 36441 23972 19354 17477 
517760 496374 514251 488171 95706 456030 93337 492740 93270 88777 ,517760 496374 514251 488171 95706 456030 93337 492740 93270 88777 
354397 340285 348213 359229 328472 326930 351887 358085 343076 336338 ,354397 340285 348213 359229 328472 326930 351887 358085 343076 336338 
419430 413369 407716 418481 420670 420044 427771 366485 418719 400017 ,419430 413369 407716 418481 420670 420044 427771 366485 418719 400017 
99275 81556 103616 172729 115798 89199 104282 104866 109606 100853 ,99275 81556 103616 172729 115798 89199 104282 104866 109606 100853 
395433 165185 159757 398408 546142 396649 370441 381293 384724 407042 ,395433 165185 159757 398408 546142 396649 370441 381293 384724 407042 
45858 272546 256094 261241 72482 251518 247513 274483 51477 243122 ,45858 272546 256094 261241 72482 251518 247513 274483 51477 243122 
403592 429513 418219 406139 415013 401261 417795 425983 404892 428266 ,403592 429513 418219 406139 415013 401261 417795 425983 404892 428266 
171002 106043 184177 21647 171555 277322 247746 271856 53411 161838 ,171002 106043 184177 21647 171555 277322 247746 271856 53411 161838 
194488 253810 271070 191697 246121 269586 245048 239045 272730 253299 ,194488 253810 271070 191697 246121 269586 245048 239045 272730 253299 
396111 395726 381049 361465 377719 378164 383851 362472 362178 399730 ,381049 361465 383851 362472 373635 382340 398003 384211 377604 386052 
115380 95236 86258 552107 87068 82972 94720 467885 98998 458813 ,115380 95236 86258 552107 87068 82972 94720 467885 98998 458813 
395694 371362 396810 382805 382939 360064 364876 384159 374441 366264 ,395694 371362 396810 382805 382939 360064 364876 384159 374441 366264 
491743 491667 515663 222677 511162 499306 511753 391417 480502 482722 ,491743 491667 515663 222677 511162 499306 511753 391417 480502 482722 
537500 557281 537843 557618 535032 526808 534577 37423 525489 538241 ,537500 557281 537843 557618 535032 526808 534577 37423 525489 538241 
420371 422143 401136 431901 418545 401709 438218 413862 421209 431456 ,420371 422143 401136 431901 418545 401709 438218 413862 421209 431456 
526305 446399 99073 465837 380471 481582 518580 220880 452677 520369 ,526305 446399 99073 465837 380471 481582 518580 220880 452677 520369 
38922 38547 5468 20674 29321 5825 28876 10701 9201 37900 ,38922 38547 5468 20674 29321 5825 28876 10701 9201 37900 
292867 360656 294114 367847 383149 392500 388526 389714 370998 393208 ,292867 294114 388526 319506 316482 290557 288426 292181 306941 381938 
535615 549305 551882 539873 534051 534665 528525 541338 547618 553230 ,535615 549305 551882 539873 534051 534665 528525 541338 547618 553230 
271830 559205 235907 257169 224039 106190 198045 227325 525551 265466 ,271830 559205 235907 257169 224039 106190 198045 227325 525551 265466 
124957 151083 131790 129261 127156 129791 137345 123741 130295 122776 ,124957 151083 131790 129261 127156 129791 137345 123741 130295 122776 
67313 67782 57763 74801 46736 41800 74812 55031 75946 51506 ,67313 67782 57763 74801 46736 41800 74812 55031 75946 51506 
481427 352638 378797 327854 309935 339815 307231 359000 356335 325777 ,481427 352638 378797 327854 309935 339815 307231 359000 356335 325777 
201340 217292 213623 211819 207840 203867 233859 210809 220549 232067 ,201340 217292 213623 211819 207840 203867 233859 210809 220549 232067 
226770 202116 218572 214647 225267 232736 233470 222259 205025 226515 ,226770 202116 218572 214647 225267 232736 233470 222259 205025 226515 
378314 376603 215323 380435 366924 378845 383466 238267 372273 370499 ,215323 380435 366924 378845 383466 238267 372273 200577 396354 399546 
66817 69420 61086 72384 62786 68624 66309 36180 71365 244851 ,66817 69420 61086 72384 62786 68624 66309 36180 71365 244851 
235792 207321 222234 527192 552715 232464 200682 450480 523042 545916 ,235792 207321 222234 527192 552715 232464 200682 450480 523042 545916 
202191 206841 236461 238239 213869 217092 220893 224679 214610 229114 ,202191 206841 236461 238239 213869 217092 220893 224679 214610 229114 
80291 111803 496259 94052 513772 31278 530539 117583 522185 492307 ,80291 111803 496259 94052 513772 31278 530539 117583 522185 492307 
182312 162779 163565 164679 138242 171153 182033 165796 188936 181687 ,182312 162779 163565 164679 138242 171153 182033 165796 188936 181687 
284830 306836 291125 301042 285169 317410 318923 312335 315915 287877 ,284830 306836 291125 301042 285169 317410 318923 312335 315915 287877 
531220 317516 527728 547354 11091 535348 524394 529464 30695 21768 ,531220 317516 527728 547354 11091 535348 524394 529464 30695 21768 
305030 311479 294905 315225 292418 298151 290927 281980 288506 285015 ,305030 311479 294905 315225 292418 298151 290927 281980 288506 285015 
318035 309891 288533 305246 306844 302106 315908 317257 285262 304260 ,318035 309891 288533 305246 306844 302106 315908 317257 285262 304260 
252707 276714 265446 246648 269845 277295 275618 256296 255401 276423 ,252707 276714 246648 269845 277295 275618 256296 255401 276423 257299 
280631 304011 295050 302778 286757 316930 304208 312141 284636 315596 ,280631 304011 295050 302778 286757 316930 304208 312141 315596 294307 
218615 224552 203987 204970 200184 232998 229472 226445 225617 216896 ,218615 224552 203987 204970 200184 232998 229472 226445 225617 216896 
97380 86936 531623 97889 25844 80207 106409 108751 548088 101488 ,97380 86936 531623 97889 25844 80207 106409 108751 548088 101488 
259201 266011 267389 242011 265972 258576 257621 248232 254677 251530 ,259201 266011 267389 242011 265972 258576 257621 248232 254677 251530 
485506 190034 531873 491777 480408 481162 523520 501160 352158 514639 ,485506 190034 531873 491777 480408 481162 523520 501160 352158 514639 
71813 71286 260818 59192 64044 79345 66695 532248 12145 50402 ,71813 71286 260818 59192 64044 79345 66695 532248 12145 50402 
85472 21030 93292 496044 28447 493238 8639 491863 1748 538956 ,85472 21030 93292 496044 28447 493238 8639 491863 1748 538956 
99209 187533 70725 80512 80246 198130 197841 103746 176628 196270 ,99209 187533 70725 80512 80246 197841 103746 176628 196270 56541 
196274 168503 188155 165412 182861 173919 161780 178795 148326 181349 ,196274 168503 188155 165412 182861 173919 161780 178795 148326 181349 
416715 435319 400060 412611 400432 402088 424230 439609 411881 414549 ,416715 435319 400060 412611 400432 402088 424230 439609 411881 414549 
488857 515768 482472 519377 332731 509073 418727 201705 209493 225693 ,488857 515768 482472 519377 332731 509073 418727 201705 209493 225693 
507453 502730 493084 509597 494322 484165 533356 498027 481035 504210 ,507453 502730 493084 509597 494322 484165 533356 498027 481035 504210 
71833 250333 65209 247927 249676 258470 48834 262605 254881 44270 ,71833 250333 65209 247927 249676 258470 48834 262605 254881 44270 
549224 520904 363922 33150 151178 373504 536895 558132 125864 559504 ,549224 520904 363922 33150 151178 373504 536895 558132 125864 559504 
196301 21306 125029 4697 3093 167934 21448 51381 117911 114722 ,196301 21306 125029 4697 3093 167934 21448 51381 117911 114722 
446976 448185 449382 456985 453013 517427 502493 475801 459282 461678 ,446976 448185 449382 456985 453013 517427 502493 475801 459282 461678 
509936 9302 545464 465565 502532 184185 182929 510673 515171 456851 ,509936 9302 545464 465565 502532 184185 182929 510673 515171 456851 
415410 439541 421364 403329 438883 406904 419273 415305 432668 425431 ,415410 439541 421364 403329 438883 406904 415305 432668 425431 418922 
507075 481537 486244 556424 523184 524572 463639 553769 539123 32336 ,507075 481537 486244 556424 523184 524572 463639 553769 539123 32336 
170070 109799 97501 88789 99476 85399 112159 95144 393164 89540 ,170070 109799 97501 88789 99476 85399 112159 95144 393164 89540 
10807 215092 32758 21560 25660 3858 31360 2043 7401 32359 ,10807 215092 32758 21560 25660 3858 31360 2043 7401 32359 
230523 12034 22482 210131 27784 220381 201192 371209 207643 238151 ,230523 12034 22482 210131 27784 220381 201192 207643 238151 221303 
64637 289116 69598 71250 69842 310634 50193 63842 300248 68951 ,64637 289116 69598 71250 69842 310634 50193 63842 300248 68951 
317863 284980 308802 318297 284945 315348 312461 316430 289775 306564 ,317863 284980 308802 318297 284945 315348 312461 316430 289775 306564 
341472 355889 354540 349067 341381 339452 323454 330180 266178 351900 ,341472 355889 354540 349067 341381 339452 323454 330180 266178 351900 
252000 265504 255728 253286 267256 244161 272236 261551 240117 259113 ,252000 265504 255728 253286 267256 244161 272236 261551 240117 259113 
263787 246077 242199 258298 279480 528101 542164 260603 275718 257252 ,263787 246077 242199 258298 279480 528101 542164 260603 275718 257252 
102420 157247 113706 106221 121210 150305 139446 125029 139726 144823 ,102420 157247 113706 106221 121210 150305 139446 125029 139726 144823 
482812 494282 100876 466018 112084 136161 409263 80225 86343 100678 ,482812 494282 100876 466018 112084 136161 409263 80225 86343 100678 
217571 220016 226240 224060 235253 222726 214837 231251 228838 210319 ,217571 220016 226240 224060 235253 222726 214837 231251 228838 210319 
306369 309649 41735 309640 284575 315101 309802 315788 9424 526 ,306369 309649 41735 309640 284575 315101 309802 315788 9424 526 
408072 431488 413690 415214 428298 418349 421473 402084 415576 435370 ,431488 413690 415214 428298 418349 421473 402084 415576 435370 415989 
441917 471417 470274 448039 464853 475950 449735 477395 460205 453826 ,441917 471417 470274 448039 464853 475950 449735 477395 460205 453826 
187865 199385 168226 175365 176795 185825 186464 161711 190704 179768 ,187865 199385 168226 175365 176795 185825 186464 161711 190704 179768 
543281 548401 539248 546214 407547 404549 530438 535584 540323 557420 ,543281 548401 539248 546214 404549 530438 535584 531020 385842 21273 
210530 215290 204670 205567 235899 239736 224185 208940 218336 219155 ,210530 215290 204670 205567 235899 239736 224185 208940 218336 219155 
167717 181786 170824 173033 163797 170648 171173 197756 186900 184281 ,167717 181786 170824 173033 163797 170648 171173 197756 186900 184281 
176781 171561 174682 163368 160770 184528 166931 186471 195084 183450 ,176781 171561 174682 163368 160770 184528 166931 186471 195084 183450 
154870 265608 66239 720 54452 200564 87447 20888 15624 7201 ,154870 265608 66239 720 54452 200564 87447 20888 15624 7201 
497311 92085 506086 506726 500667 493127 515661 497010 503899 501714 ,497311 92085 506086 506726 500667 493127 515661 497010 503899 501714 
258358 276657 240243 181385 243669 257462 255903 271384 264335 245537 ,258358 276657 240243 181385 243669 257462 255903 271384 264335 245537 
245527 267857 272181 234643 277414 224123 267713 247531 278746 259751 ,245527 267857 272181 234643 277414 224123 267713 247531 278746 259751 
383893 394922 385997 360018 372292 360232 369617 388359 374576 391342 ,383893 394922 385997 360018 372292 360232 369617 388359 374576 391342 
329431 327977 359117 335112 346941 348975 338870 329509 330938 351346 ,329431 327977 359117 335112 346941 348975 338870 329509 330938 351346 
497542 496234 492104 506366 509041 486429 515170 485051 515473 434242 ,497542 496234 492104 506366 509041 486429 515170 485051 514999 514298 
326979 343580 339924 344592 330030 351399 335359 262642 354074 248157 ,326979 343580 339924 344592 330030 351399 335359 262642 354074 248157 
38709 31336 20338 31557 38444 38300 18221 38000 20743 6054 ,38709 31336 20338 31557 38444 38300 18221 38000 20743 6054 
380765 369098 367924 376863 366499 388839 367486 391704 367923 394295 ,380765 369098 367924 376863 366499 388839 367486 391704 367923 394295 
418371 431549 417456 432538 438644 432490 439774 436628 424074 432402 ,418371 431549 417456 432538 438644 432490 439774 436628 424074 432402 
247343 250895 263186 273489 237699 227551 212349 254001 226092 270977 ,247343 250895 263186 273489 237699 227551 212349 254001 226092 270977 
509989 500372 512334 480181 485737 505717 480954 509182 482438 509073 ,509989 500372 480181 485737 505717 480954 509182 482438 509073 518953 
47943 47873 45189 40414 76782 79719 42506 46009 55958 49050 ,47943 47873 45189 40414 76782 79719 42506 46009 55958 49050 
243367 494101 274607 252237 271219 248743 275568 243215 529311 455921 ,243367 494101 274607 252237 271219 248743 275568 243215 529311 455921 
548357 2273 217690 14441 545038 218769 91614 542420 45086 522805 ,548357 2273 217690 14441 545038 218769 91614 542420 45086 522805 
178345 183075 177018 170834 182871 169510 183107 180175 162616 184446 ,178345 183075 177018 170834 182871 169510 183107 180175 162616 184446 
442056 455077 464477 497486 458931 446746 477464 446010 513057 458615 ,442056 455077 464477 497486 458931 446746 477464 446010 513057 458615 
280554 170882 323315 345500 55162 322599 281360 63449 303370 336095 ,280554 170882 323315 345500 55162 322599 281360 63449 303370 336095 
84784 118645 104090 102794 84959 475701 541375 101697 84615 496293 ,84784 118645 104090 102794 84959 475701 541375 101697 84615 496293 
2239 15089 550471 559021 24667 17930 529507 529487 520053 35774 ,2239 15089 550471 559021 24667 17930 529507 529487 520053 35774 
407078 406581 400123 366949 399332 411854 408591 362805 407571 373585 ,407078 406581 400123 366949 399332 408591 362805 407571 373585 416647 
453431 116516 466208 474877 117607 450055 110077 114195 112683 117690 ,453431 116516 466208 474877 117607 450055 110077 114195 112683 117690 
320934 339653 334212 554035 323796 322600 546271 344744 39249 558192 ,320934 339653 334212 554035 323796 322600 546271 344744 39249 558192 
174047 529669 539624 551380 559089 69872 414589 88172 423826 176477 ,174047 529669 539624 551380 559089 69872 88172 176477 556079 541943 
158103 116288 129032 126724 151458 151078 137870 148019 124337 135056 ,158103 116288 129032 126724 151458 151078 137870 148019 124337 135056 
381124 391474 370558 391428 376045 371445 384013 387098 392206 372252 ,381124 391474 370558 391428 392206 372252 394740 394854 381017 368652 
480060 491267 493089 487816 491467 491883 103228 488311 488294 500434 ,480060 491267 493089 487816 491467 491883 103228 488311 488294 500434 
141561 151600 126905 132196 138494 157415 148924 150837 136637 144983 ,141561 151600 126905 132196 138494 157415 148924 150837 136637 144983 
38027 25376 7465 20471 13910 557923 531269 521261 6400 21972 ,38027 25376 7465 20471 13910 557923 531269 521261 6400 21972 
357389 13182 256 33266 9723 26161 39289 24730 64276 269400 ,357389 13182 256 33266 9723 26161 39289 24730 64276 269400 
10498 39847 12457 27792 13130 5669 28299 8596 14673 16583 ,10498 39847 12457 27792 13130 5669 28299 8596 14673 16583 
19935 22144 35381 15807 33730 37709 59654 20395 260018 9323 ,19935 22144 35381 15807 33730 37709 59654 20395 260018 9323 
506558 557504 494178 514192 499835 492851 517949 519846 503629 513638 ,506558 557504 494178 514192 499835 492851 517949 503629 513638 558696 
31595 527845 34227 10594 30838 20058 34112 23174 36977 25250 ,31595 527845 34227 10594 30838 20058 34112 23174 36977 25250 
308718 294096 303258 298894 314015 310906 281725 307317 304738 289598 ,308718 294096 303258 298894 314015 310906 281725 307317 304738 289598 
545562 525082 511301 515054 555307 506330 547032 553558 525318 491175 ,545562 525082 511301 515054 555307 506330 547032 553558 525318 491175 
270330 543649 248687 545524 46414 58652 265018 524118 42666 538006 ,270330 543649 248687 545524 46414 58652 265018 524118 42666 538006 
480894 493088 500386 490641 515795 543874 490793 486489 484124 483618 ,480894 493088 500386 490641 515795 543874 490793 486489 484124 483618 
449544 452482 444134 477531 459347 452115 444472 461366 467782 444853 ,449544 452482 444134 477531 459347 452115 444472 461366 467782 444853 
283128 348026 328190 323307 326616 320503 342729 353539 336543 348376 ,283128 348026 328190 323307 326616 320503 342729 353539 336543 348376 
86647 110714 95521 81181 90987 119255 91686 155532 108884 11478 ,86647 110714 95521 81181 90987 119255 91686 155532 108884 11478 
276552 49415 54474 54821 50616 245321 274071 43518 59927 277904 ,276552 49415 54474 54821 50616 245321 274071 43518 59927 277904 
536435 524576 544319 553535 537722 546175 559042 542202 526492 543604 ,536435 524576 544319 553535 537722 546175 559042 542202 526492 543604 
44728 42401 57751 67982 75573 71249 169733 62472 42475 47112 ,44728 42401 57751 67982 75573 71249 169733 62472 42475 47112 
67968 123353 126772 523771 150124 128023 46019 179378 63351 139616 ,67968 123353 126772 523771 150124 128023 46019 179378 63351 139616 
198169 198781 95893 124369 511817 133587 169813 123463 162077 136143 ,198169 198781 95893 124369 511817 133587 169813 123463 162077 136143 
383340 389412 382886 368899 365491 386596 376401 369449 368029 379817 ,389412 368899 365491 369449 379817 405665 377490 388538 396001 368785 
456195 511914 445457 450278 459232 440384 472640 473230 508298 455356 ,456195 511914 445457 450278 459232 440384 472640 473230 508298 455356 
409391 426892 428681 436548 251343 404586 439079 543379 434388 312563 ,409391 426892 436548 251343 404586 439079 543379 434388 312563 420673 
398906 379194 365900 385126 377270 366734 372698 391346 363236 396783 ,398906 377270 378970 370306 370005 393277 378447 386854 368955 381072 
454679 451383 479321 547747 464655 453120 465063 443304 447195 463597 ,454679 451383 479321 547747 464655 453120 465063 443304 447195 463597 
163121 195193 170479 162934 82405 63615 172244 179202 197348 175668 ,163121 195193 162934 82405 63615 172244 179202 197348 175668 197642 
371820 436923 412184 383894 425371 425731 373942 374730 387815 403630 ,365269 382983 368688 377525 396445 371362 414737 366341 383260 397015 
234487 214700 200577 233472 63666 208522 462859 239515 219278 228816 ,234487 214700 200577 233472 63666 208522 462859 239515 219278 228816 
116124 180428 169325 527888 178001 552547 186954 161025 198716 515064 ,116124 180428 169325 527888 178001 552547 186954 161025 198716 515064 
282751 111256 419214 303221 336590 300927 12684 174211 327369 433978 ,282751 111256 419214 303221 336590 300927 12684 174211 327369 433978 
413953 404469 407666 405598 427820 415452 434263 409042 426730 407362 ,413953 404469 407666 405598 427820 415452 434263 409042 426730 407362 
232340 216299 220855 219365 208880 230640 214831 236323 216502 230798 ,232340 216299 220855 219365 208880 230640 214831 236323 216502 230798 
343741 343974 334607 356816 339174 347571 344451 343025 339668 359997 ,343741 343974 334607 356816 339174 347571 344451 343025 339668 359997 
300185 60956 273835 271297 253101 266772 260144 275452 287927 250415 ,300185 60956 273835 271297 253101 266772 260144 275452 287927 250415 
63404 58049 56147 74716 49145 74072 242738 60491 59792 274616 ,63404 58049 56147 74716 49145 74072 242738 60491 59792 274616 
93493 90952 89737 497364 407697 160851 416542 412219 110801 409418 ,93493 90952 89737 497364 407697 160851 416542 412219 110801 409418 
258542 25565 8696 315746 300182 308178 142245 64554 318567 283996 ,258542 25565 8696 315746 300182 308178 142245 64554 318567 283996 
203502 207931 219493 200918 223367 206985 201499 223098 221753 238060 ,203502 207931 200918 223367 206985 201499 223098 221753 238060 205682 
201686 205136 257993 236877 240767 241026 249741 223789 266670 200332 ,201686 205136 257993 236877 240767 241026 249741 223789 266670 200332 
423448 428368 405284 401137 405842 431173 404720 409462 439480 429583 ,423448 405284 401137 405842 431173 404720 409462 439480 429583 427759 
76764 75337 62132 41299 72059 1764 61276 51599 69608 49788 ,76764 75337 62132 41299 72059 1764 61276 51599 69608 49788 
500822 362940 364139 389396 380128 263729 224120 365258 362533 526245 ,500822 362940 364139 389396 380128 263729 224120 365258 362533 526245 
210919 207936 221179 234592 230440 229247 228136 237326 219767 215381 ,210919 207936 221179 234592 230440 229247 228136 237326 219767 215381 
92840 444736 86182 110676 116112 461991 95886 97304 90337 87327 ,92840 444736 86182 110676 116112 461991 95886 97304 90337 87327 
233154 209550 205219 216443 209762 220943 212463 200871 217737 222998 ,233154 209550 205219 216443 209762 220943 212463 200871 217737 222998 
172699 98514 183035 192730 28651 188371 162788 183333 334861 178293 ,172699 98514 183035 192730 28651 188371 162788 183333 334861 178293 
553322 177628 243724 490110 86951 115353 46533 549612 169389 270856 ,553322 177628 243724 490110 86951 115353 46533 549612 169389 270856 
71388 158955 234237 76505 109115 63340 73293 98609 65995 62494 ,71388 158955 234237 76505 109115 63340 73293 98609 65995 62494 
332570 321310 325788 325198 331366 358870 351466 326843 335509 337933 ,332570 321310 325788 325198 331366 358870 351466 326843 335509 337933 
513781 483351 488627 498146 491932 483253 515075 510922 507742 504833 ,513781 483351 488627 498146 491932 483253 515075 510922 507742 504833 
356281 331936 340482 357256 343248 357058 353218 341475 350188 334630 ,356281 331936 340482 357256 343248 357058 353218 341475 350188 334630 
182760 115966 101841 88511 114041 106519 108746 99233 231541 96507 ,182760 115966 101841 88511 114041 106519 108746 99233 231541 96507 
21887 33494 29507 7596 106559 33293 119198 13579 176148 2679 ,21887 33494 29507 7596 33293 119198 13579 176148 2679 199898 
386180 533321 559298 555325 366466 534585 118835 378466 213787 548770 ,386180 533321 559298 555325 366466 534585 118835 378466 213787 548770 
349339 347565 350181 359937 349370 342625 347163 354598 322110 348456 ,349339 347565 350181 359937 349370 342625 347163 354598 322110 348456 
160924 199011 173015 199976 174986 160837 161745 187906 164540 168309 ,160924 199011 173015 199976 174986 160837 161745 187906 164540 168309 
462470 451901 475109 447235 454261 444678 474652 449705 469315 463216 ,451901 475109 447235 454261 444678 474652 449705 469315 463216 441924 
521579 350524 17544 219062 225008 404023 403720 206818 273029 528186 ,521579 350524 17544 219062 225008 404023 403720 206818 273029 528186 
545603 522908 524612 553731 555886 532212 544359 534497 532361 554153 ,545603 522908 524612 553731 555886 532212 544359 534497 532361 554153 
310342 319607 299771 316874 285310 281779 297561 285923 282759 280271 ,310342 319607 299771 316874 285310 281779 297561 285923 282759 280271 
352779 352323 341082 332116 339435 335211 353542 344438 320363 343549 ,352779 352323 341082 332116 339435 335211 353542 344438 320363 343549 
160484 169532 168967 198653 195507 188055 194745 165180 164476 98780 ,160484 169532 168967 198653 195507 188055 194745 165180 164476 98780 
542924 87267 546659 81003 535537 549832 520738 523740 526041 558344 ,542924 87267 546659 81003 535537 549832 520738 523740 526041 558344 
105717 527178 110567 271204 82763 539963 92448 95245 523009 105884 ,105717 527178 110567 271204 82763 539963 92448 95245 523009 105884 
342655 333357 326724 326613 345316 347570 356432 337421 340235 324691 ,342655 333357 326724 326613 345316 347570 356432 337421 340235 324691 
432510 431722 408191 435965 427664 417794 425942 438574 419419 413522 ,412890 400142 437532 416109 408324 424292 382261 428536 402465 414796 
62427 40578 260145 62085 54810 50997 57020 64406 66912 64410 ,62427 40578 260145 62085 54810 50997 57020 64406 66912 64410 
226086 211464 217415 222931 210208 208541 230927 207217 206593 217836 ,226086 211464 217415 222931 210208 208541 230927 207217 206593 217836 
552102 46989 531475 534602 56589 554006 520991 557466 384724 266118 ,552102 46989 531475 534602 56589 554006 520991 557466 384724 266118 
85975 96236 118208 105538 159457 106431 80752 478615 105756 115772 ,85975 96236 118208 105538 159457 106431 80752 478615 105756 115772 
155026 127229 125213 154376 120121 137798 151632 85475 141521 154390 ,155026 127229 125213 154376 120121 137798 151632 85475 141521 154390 
293208 484441 289277 496134 311300 306488 302969 289002 19376 219296 ,293208 484441 289277 496134 311300 306488 302969 289002 19376 219296 
330010 359103 357332 338185 48526 328089 342467 336742 325348 337815 ,330010 359103 357332 338185 48526 328089 342467 336742 325348 337815 
424152 393374 414563 397596 426994 393297 372568 378989 361325 371625 ,424152 414563 426994 393297 378989 362814 365009 394815 364323 385740 
343151 341943 351193 347273 341916 324844 336006 357599 344270 167563 ,343151 341943 351193 347273 341916 324844 336006 357599 344270 167563 
270546 247407 274458 279292 260885 278053 255446 264781 278402 294850 ,270546 247407 274458 279292 260885 278053 255446 264781 278402 294850 
285291 315513 288181 283206 280979 311448 292386 302625 314270 305834 ,285291 315513 288181 283206 280979 311448 292386 302625 314270 305834 
167110 185213 171663 193175 169723 178694 166898 181995 181610 160395 ,167110 185213 171663 193175 169723 178694 166898 181995 181610 160395 
480091 485255 512029 494849 145110 130043 509978 484746 147136 500406 ,480091 485255 512029 494849 145110 130043 509978 484746 147136 500406 
294614 313454 291050 285067 283651 297769 306745 299288 293963 293100 ,294614 313454 291050 285067 283651 297769 306745 299288 293963 293100 
395730 364434 386065 213504 399964 371794 374286 375671 360690 524926 ,364434 386065 213504 399964 371794 374286 375671 360690 307834 380019 
203906 220183 221183 231536 232893 223744 227504 210950 233003 202793 ,203906 220183 221183 231536 232893 223744 227504 210950 233003 202793 
532099 533856 555463 526260 536903 528462 524986 37423 531563 537866 ,532099 533856 555463 526260 536903 528462 524986 37423 531563 537866 
227499 202532 236154 209737 201414 216359 235490 11889 218479 202157 ,227499 202532 236154 209737 201414 216359 235490 11889 218479 202157 
392817 368664 388333 386504 382939 387454 376210 371234 393798 361907 ,392817 368664 388333 386504 382939 387454 376210 371234 393798 361907 
145726 150917 90043 154411 50773 147049 123583 129653 150248 134201 ,145726 150917 90043 154411 50773 147049 123583 129653 150248 134201 
82307 116165 105274 93326 101623 550381 128839 99212 107002 119624 ,82307 116165 105274 93326 101623 550381 128839 99212 107002 119624 
270574 346470 341106 259394 333988 354345 269652 326439 351354 320989 ,270574 346470 341106 259394 333988 354345 269652 326439 351354 320989 
108059 538076 245163 546273 341658 240493 184639 185175 13518 175378 ,108059 538076 245163 546273 341658 240493 184639 185175 13518 175378 
74896 77649 74973 52392 49271 76117 44191 64603 73998 43404 ,74896 77649 74973 52392 49271 76117 44191 64603 73998 43404 
304360 75777 180478 78617 172967 260018 266998 275309 193622 45785 ,304360 75777 180478 78617 172967 260018 266998 275309 193622 45785 
68427 61373 53544 75410 77760 45434 56013 68069 73770 60691 ,68427 61373 53544 75410 77760 45434 56013 68069 73770 60691 
397271 365248 399085 371462 369486 390896 384062 361938 360654 363437 ,397271 365248 399085 371462 369486 390896 384062 361938 360654 363437 
161822 197121 191946 190334 177413 179261 199910 164857 187850 173808 ,161822 197121 191946 190334 177413 179261 199910 164857 187850 173808 
101069 433685 89728 113494 245105 72078 162294 131071 54356 88967 ,101069 89728 113494 245105 72078 162294 131071 88967 418458 165029 
450 34143 482944 1430 14367 33607 534392 7723 524569 556957 ,450 34143 482944 1430 14367 33607 534392 7723 524569 556957 
530904 321799 270628 525378 298468 252720 315905 326845 329868 335064 ,530904 321799 270628 525378 298468 252720 315905 326845 329868 335064 
293394 311631 293403 284725 315611 294350 338899 298600 281417 318642 ,293394 311631 293403 284725 315611 294350 338899 298600 281417 318642 
419656 401069 419370 439852 433081 413968 417872 432829 427780 438373 ,419656 401069 419370 439852 433081 413968 417872 432829 427780 438373 
250331 327425 42396 338850 47753 255004 259679 260594 241344 277870 ,250331 327425 42396 338850 47753 255004 259679 260594 241344 277870 
469708 461814 476745 440033 458860 17014 457882 462062 444796 535055 ,469708 461814 476745 440033 458860 17014 457882 462062 444796 535055 
544893 4199 525351 552435 103168 547265 78083 558287 536052 529209 ,544893 4199 525351 552435 103168 547265 78083 536052 529209 548221 
242875 32491 269099 269326 256764 265618 243701 40170 250421 276931 ,242875 32491 269099 269326 256764 265618 243701 40170 250421 276931 
56252 44240 55873 41375 78598 49374 43859 75586 49604 459682 ,56252 44240 55873 41375 78598 49374 43859 75586 49604 459682 
389521 397149 368016 363454 387916 388052 378010 370984 392816 397989 ,397149 378010 397989 376316 377646 392520 371225 388661 371822 396773 
520516 528676 520779 555259 546645 540668 245807 524992 25150 10345 ,520516 528676 520779 555259 546645 540668 245807 524992 25150 10345 
529403 548354 550607 530370 529638 528541 536318 559637 559663 529307 ,529403 548354 550607 530370 529638 528541 536318 559637 559663 529307 
515591 495719 32641 492427 497696 491387 494216 517736 493971 484453 ,515591 495719 32641 492427 497696 491387 494216 517736 493971 484453 
303322 280889 295779 312512 309123 289535 301335 313008 308477 290790 ,303322 280889 295779 312512 309123 289535 301335 313008 308477 290790 
79447 32283 55725 368438 270821 426687 26148 260109 427399 330404 ,79447 32283 55725 368438 270821 426687 26148 260109 427399 330404 
289420 305676 295585 271610 308348 289794 316432 300795 288442 284580 ,289420 305676 295585 271610 308348 289794 316432 300795 288442 284580 
30586 76681 265037 256302 249201 72418 70576 75232 306728 307182 ,30586 76681 265037 256302 249201 72418 70576 75232 306728 307182 
220531 219399 203146 4280 210925 190166 213370 225718 229990 13586 ,220531 219399 203146 4280 210925 190166 213370 225718 229990 205890 
461018 365325 374260 372043 445331 10303 452389 452168 393236 446163 ,461018 365325 374260 372043 445331 10303 452389 452168 393236 446163 
176252 168872 82978 252377 262702 183525 481381 7534 443167 267315 ,176252 168872 82978 252377 262702 183525 481381 7534 443167 267315 
514198 498164 510173 510524 481481 486521 514867 500753 489004 482814 ,514198 498164 510173 510524 481481 486521 514867 500753 489004 482814 
532929 545384 535357 544759 531327 546813 513645 468824 476024 522035 ,532929 545384 535357 544759 531327 546813 513645 468824 476024 522035 
255422 271849 270713 264911 266408 241204 269481 254790 271677 271897 ,255422 271849 270713 264911 266408 241204 269481 254790 271677 271897 
30079 28593 21020 539566 3157 13887 498017 466014 4190 34956 ,30079 28593 21020 539566 3157 13887 498017 466014 4190 34956 
155716 142137 138612 151896 143447 131002 152588 157929 147930 156393 ,155716 142137 138612 151896 143447 131002 152588 157929 147930 156393 
200069 201684 222580 213403 226622 230084 236798 221168 238020 239363 ,200069 201684 222580 213403 226622 230084 236798 221168 238020 239363 
155222 141000 147452 141017 146514 152619 143798 147405 129242 137086 ,155222 141000 147452 141017 146514 152619 143798 147405 129242 137086 
367864 389617 361198 372245 383391 374339 393794 386597 373062 363710 ,367864 389617 361198 372245 383391 374339 393794 386597 373062 363710 
98778 105053 99540 138299 124602 98132 106729 119624 140250 119756 ,98778 105053 99540 138299 124602 98132 106729 119624 140250 119756 
168935 182263 191826 197684 198469 163148 182732 194419 161423 188708 ,168935 182263 191826 197684 198469 163148 182732 194419 161423 188708 
486997 532639 512053 501427 499188 529298 484009 555740 510038 539684 ,486997 532639 512053 501427 499188 529298 484009 555740 510038 539684 
341995 431402 421621 433467 435981 403993 406478 300512 406472 428038 ,341995 431402 433467 403993 300512 406472 428038 406937 419804 405351 
558894 551703 168175 554149 180131 181852 33969 181433 109993 273268 ,558894 551703 168175 554149 180131 181852 33969 181433 109993 273268 
243228 277342 265920 264066 251834 265615 279286 263481 253448 274781 ,243228 277342 265920 264066 251834 265615 279286 263481 253448 274781 
498681 485751 492869 526416 484562 497108 486524 493129 543214 504036 ,498681 485751 492869 526416 484562 497108 486524 493129 504036 529424 
218891 219590 214533 227528 217754 237947 239385 222276 201087 214992 ,218891 219590 214533 227528 217754 237947 239385 222276 201087 214992 
198312 544776 111298 529506 536789 235281 115316 504296 529259 542625 ,198312 544776 111298 529506 536789 235281 115316 504296 529259 542625 
287219 287465 286094 299817 301408 298894 314015 284371 103938 120501 ,287219 287465 286094 298894 314015 284371 103938 120501 318302 151646 
203308 222303 230440 233757 233241 233229 236604 210205 220374 221080 ,203308 222303 230440 233757 233241 233229 236604 210205 220374 221080 
411085 405972 439667 435362 432268 420603 417685 429716 408041 420934 ,411085 405972 439667 432268 420603 417685 408041 410690 429324 412915 
548846 558318 529623 536162 542981 523377 545204 555380 503252 530318 ,548846 558318 529623 536162 542981 523377 545204 555380 503252 530318 
139537 149422 137962 130787 146178 158906 133482 196981 442467 120834 ,139537 149422 137962 130787 146178 158906 133482 196981 442467 120834 
482241 511056 499959 513525 484984 513898 483653 519341 494252 503521 ,482241 511056 499959 513525 484984 513898 483653 519341 494252 503521 
468257 466602 470883 471789 456608 449209 471958 476725 448485 477614 ,468257 466602 470883 471789 456608 449209 471958 476725 448485 477614 
317516 281018 312626 309648 312544 317244 286692 280027 297556 309421 ,317516 281018 312626 309648 312544 317244 286692 280027 297556 309421 
544194 552099 558256 458715 64872 526799 32942 539198 440015 552999 ,544194 552099 558256 458715 64872 526799 32942 440015 552999 459238 
316358 281090 288060 317449 308152 281638 283802 302453 314721 288954 ,316358 281090 288060 317449 308152 281638 283802 302453 314721 288954 
204783 234125 220947 216163 230696 223525 201790 220858 201662 203328 ,204783 234125 220947 216163 230696 223525 201790 220858 201662 203328 
211214 237402 201084 203208 210798 227744 202533 201194 222469 225247 ,211214 237402 201084 203208 210798 227744 202533 201194 222469 225247 
459144 441107 82162 540502 479192 456302 453848 442662 532712 472092 ,459144 441107 82162 540502 479192 456302 453848 442662 532712 472092 
506666 483767 128184 514003 129293 152463 485026 46523 489796 150680 ,506666 483767 128184 514003 129293 152463 485026 46523 489796 150680 
96491 89635 116898 94320 175190 84619 458649 111050 92727 25343 ,96491 89635 116898 94320 175190 84619 458649 111050 92727 25343 
113020 113100 117667 82015 113254 119930 114035 117632 117660 99470 ,113020 113100 117667 82015 113254 119930 114035 117632 117660 99470 
446670 491957 458710 453383 476342 441573 468805 453620 451604 473927 ,446670 491957 458710 453383 476342 441573 468805 453620 451604 473927 
152055 145131 121890 150185 122288 525405 348891 137717 399749 120385 ,152055 145131 121890 150185 525405 348891 137717 120385 262988 158717 
223977 213781 227701 217909 211419 234395 236208 225019 210832 229596 ,223977 213781 227701 217909 211419 234395 236208 225019 210832 229596 
275310 266017 274248 269760 252985 263091 273891 270058 246169 251146 ,275310 266017 274248 269760 252985 263091 273891 270058 246169 251146 
539145 384558 524790 513173 477688 511549 106359 114239 522869 444433 ,539145 384558 524790 513173 477688 511549 106359 114239 522869 444433 
3342 37714 4720 14408 527643 537341 10841 30064 175232 23731 ,3342 37714 4720 14408 527643 537341 10841 30064 175232 23731 
200274 4085 937 80186 2513 223313 6793 9592 93456 208931 ,200274 4085 937 80186 2513 223313 6793 9592 93456 208931 
362166 82352 81355 90881 538819 91087 83183 169686 179971 361408 ,362166 82352 81355 90881 538819 91087 83183 169686 179971 361408 
197327 171634 172403 263281 173041 180566 178944 164642 165020 112992 ,197327 171634 172403 263281 173041 180566 178944 164642 165020 112992 
212296 205865 20547 206769 225710 10735 19363 219599 220294 2565 ,212296 205865 20547 206769 225710 10735 19363 219599 220294 2565 
262969 258527 265936 278483 255286 276044 240052 262026 534760 252566 ,262969 258527 265936 278483 255286 276044 240052 262026 534760 252566 
309922 285110 304024 301626 280037 295812 291366 287205 300776 308054 ,309922 285110 304024 301626 280037 295812 291366 287205 300776 308054 
483796 503425 498554 512733 491773 513133 518991 510528 513899 490079 ,483796 503425 498554 512733 491773 513133 518991 510528 513899 490079 
394957 394548 379415 373352 370781 385705 377611 369324 362727 378001 ,394957 394548 370781 385705 377611 362727 360772 396538 383057 373928 
65271 289197 181004 279016 196703 162545 257945 312191 175960 269151 ,65271 289197 181004 279016 196703 162545 257945 312191 175960 269151 
389133 380632 390091 367969 397529 395265 382187 387849 393808 373533 ,389133 380632 397529 382187 393808 387654 389801 387745 360799 368230 
219701 218938 227764 233177 228186 236370 200907 204830 226100 224028 ,219701 227764 228186 236370 200907 204830 226100 224028 213027 200986 
242398 255756 256070 273677 252917 252436 255729 279259 276042 272476 ,242398 255756 256070 273677 252917 252436 255729 279259 276042 272476 
74406 262869 43179 13317 79041 190933 351465 8129 74415 43459 ,74406 262869 43179 13317 79041 190933 351465 8129 74415 43459 
232023 218235 214987 237822 216993 234656 223541 219281 209998 229010 ,232023 218235 214987 237822 216993 234656 223541 219281 209998 229010 
305401 307999 315520 312354 314559 306515 283054 317717 291796 310525 ,305401 307999 315520 312354 314559 306515 283054 317717 291796 310525 
167126 543981 183227 176574 126306 226187 533638 235314 183602 213830 ,167126 543981 183227 176574 126306 226187 533638 235314 183602 213830 
524100 520455 559207 555557 538574 537699 526542 532866 545354 525672 ,524100 520455 559207 555557 538574 537699 526542 532866 545354 525672 
121830 158893 16853 149976 95667 131743 138186 126998 144106 146859 ,121830 158893 16853 149976 95667 131743 138186 126998 144106 146859 
21257 1438 20955 2022 12673 9360 24996 14651 14067 24831 ,21257 1438 20955 2022 12673 9360 24996 14651 14067 24831 
44503 266197 49690 57835 47589 59211 252193 60312 64958 66651 ,44503 266197 49690 57835 47589 59211 252193 60312 64958 66651 
3590 217459 33566 9470 29268 223376 3887 21278 2694 35655 ,3590 217459 33566 9470 29268 223376 3887 21278 2694 35655 
212791 205673 212720 238704 204677 238719 223466 200162 237366 204399 ,212791 205673 212720 238704 204677 238719 223466 200162 237366 204399 
310742 311459 300964 283716 287239 285982 315097 309823 310023 296202 ,310742 311459 300964 283716 287239 285982 315097 309823 310023 296202 
87462 165065 101838 81893 80580 189190 169336 101079 98110 169435 ,87462 165065 101838 81893 80580 189190 169336 101079 98110 169435 
127553 153239 152631 146033 131661 128322 152613 154013 141889 149045 ,127553 153239 152631 146033 131661 128322 152613 154013 141889 149045 
85428 88826 84114 119853 1810 102118 118514 99485 103829 86400 ,85428 88826 84114 119853 1810 102118 118514 99485 103829 86400 
348451 345014 345916 332883 334165 337614 351071 345345 325731 357863 ,348451 345014 345916 332883 334165 337614 351071 345345 325731 357863 
37172 31193 6765 11895 236501 1561 15537 223455 36867 34495 ,37172 31193 6765 11895 236501 1561 15537 223455 36867 34495 
292072 258041 276014 39451 268874 274384 297327 234225 298214 305729 ,292072 258041 276014 39451 268874 274384 297327 234225 298214 305729 
323054 355198 325524 334645 336314 300151 321103 333153 338453 341003 ,323054 355198 325524 334645 336314 300151 321103 333153 338453 341003 
195234 189072 178827 162272 165360 185561 178870 186744 172940 164629 ,195234 189072 178827 162272 165360 185561 178870 186744 172940 164629 
300840 281587 316527 313385 302966 285519 309759 313628 308122 284424 ,300840 281587 316527 313385 302966 285519 309759 313628 308122 284424 
420582 439075 416850 410409 432276 410123 437319 411593 417627 430110 ,420582 439075 416850 410409 432276 410123 437319 411593 417627 430110 
139375 123616 129123 122346 131420 145230 128382 157101 130539 81574 ,139375 123616 129123 122346 131420 145230 128382 157101 130539 81574 
324891 343807 333616 339265 328087 335346 342316 324595 342814 346720 ,324891 343807 333616 339265 328087 335346 342316 324595 342814 346720 
328293 326594 321225 320288 328690 348001 339589 332904 339817 326176 ,328293 326594 321225 320288 328690 348001 339589 332904 339817 326176 
12174 537919 60446 4440 1922 88126 5098 88337 39249 53814 ,12174 537919 60446 4440 1922 88126 5098 88337 39249 53814 
249720 254290 258872 272724 254302 260490 275006 268062 246877 37753 ,249720 254290 258872 272724 254302 260490 275006 268062 246877 37753 
450467 78420 459320 209038 38526 4701 456309 474666 448052 526903 ,78420 459320 209038 38526 4701 456309 474666 526903 38157 451427 
491970 258039 301316 496857 245040 499052 93703 527538 483832 293410 ,491970 258039 301316 496857 245040 499052 93703 527538 483832 293410 
410242 430431 436220 421407 432285 433099 415520 426471 412273 435871 ,410242 430431 436220 432285 433099 415520 412273 431895 430163 420809 
441692 449308 456464 451084 469712 447730 464004 451509 451254 467452 ,441692 449308 456464 451084 469712 447730 464004 451509 451254 467452 
102408 516415 101940 81036 175514 84221 97382 481738 92521 531947 ,102408 516415 101940 81036 175514 84221 97382 481738 92521 531947 
113588 119183 110521 95265 101913 213511 108009 96965 80728 80710 ,113588 119183 110521 95265 101913 213511 108009 96965 80728 80710 
48621 67840 67497 76719 56002 76074 46380 45532 52020 52111 ,48621 67840 67497 76719 56002 76074 46380 45532 52020 52111 
160981 246425 167197 198753 286199 161678 169640 160099 197004 183549 ,160981 246425 167197 198753 286199 161678 169640 160099 197004 183549 
432292 404406 417045 449169 432098 438992 403244 400134 396310 425143 ,449169 432098 444379 470334 463184 285097 443859 272557 468935 429218 
240397 268594 254464 244069 268409 270267 243975 249282 270553 264596 ,240397 268594 254464 244069 268409 270267 243975 249282 270553 264596 
118570 98486 81022 95773 99781 85731 111306 118561 103072 101261 ,118570 98486 81022 95773 99781 85731 111306 118561 103072 101261 
559011 534501 544262 546515 530568 119002 165293 192719 529494 536971 ,559011 534501 544262 546515 530568 119002 165293 192719 529494 536971 
412020 453569 223253 488764 437648 429978 407679 400914 557523 539140 ,412020 453569 223253 488764 437648 429978 407679 400914 557523 558925 
212466 213027 224928 217251 213902 217607 202844 216366 209006 228186 ,212466 213027 224928 217251 213902 217607 202844 216366 209006 228186 
463528 192439 284371 188574 461787 154497 192046 248962 156676 136143 ,463528 192439 284371 188574 461787 154497 192046 248962 156676 136143 
517965 491653 487140 508291 496399 495545 480395 507628 481147 517617 ,517965 491653 487140 508291 496399 495545 480395 507628 481147 517617 
200647 229509 206210 237559 210888 209701 239127 555850 206696 222271 ,200647 229509 206210 237559 210888 209701 239127 555850 206696 222271 
433800 405118 409356 434612 417303 437818 406059 415267 401146 417263 ,433800 405118 409356 434612 417303 437818 406059 415267 401146 417263 
333804 340694 321119 326084 324740 332836 348828 351633 338903 335456 ,333804 340694 321119 326084 324740 332836 348828 351633 338903 335456 
444212 464333 454228 468973 451478 471717 516585 447168 509100 472090 ,444212 464333 454228 468973 451478 471717 516585 447168 509100 472090 
110389 125234 190557 186302 92254 194671 185679 96676 164164 84900 ,110389 125234 190557 186302 92254 194671 185679 96676 164164 84900 
380146 383924 372179 393472 376282 368359 376987 391229 366107 362106 ,380146 383924 372179 393472 376282 368359 376987 391229 366107 362106 
557304 542591 527812 2900 20697 98728 559685 118175 94411 449517 ,557304 542591 527812 2900 20697 98728 559685 118175 94411 449517 
133065 135113 119570 50098 112077 131059 106727 19407 127227 317136 ,133065 135113 119570 50098 112077 131059 106727 19407 127227 317136 
130967 66589 129437 147541 147632 145637 132685 140649 131200 146996 ,130967 66589 129437 147541 147632 145637 132685 140649 131200 146996 
300937 378965 144231 94306 363922 397315 149767 139026 376988 156891 ,300937 378965 144231 94306 363922 149767 139026 376988 156891 120204 
349175 322403 323336 343658 352437 309420 336303 312322 334250 359992 ,349175 322403 323336 343658 352437 309420 336303 312322 334250 359992 
266478 252958 278252 248282 264115 263701 261654 273730 269922 251786 ,266478 252958 278252 248282 264115 263701 261654 273730 269922 251786 
81759 102228 90448 176304 119288 196984 108028 557181 92273 82632 ,81759 102228 90448 176304 119288 196984 108028 557181 92273 82632 
1139 249007 273746 4932 545885 85479 260369 120313 554320 256108 ,1139 249007 273746 4932 545885 85479 260369 120313 554320 256108 
422139 381514 23892 401291 410005 401084 401281 472910 410475 15522 ,422139 381514 23892 401291 410005 401084 401281 472910 410475 15522 
73127 54362 72767 71393 45724 67376 273466 50786 250701 70148 ,73127 54362 72767 71393 45724 67376 273466 50786 250701 70148 
551899 555697 523666 536063 547344 528760 556069 551415 557071 442527 ,551899 555697 523666 536063 547344 528760 556069 551415 557071 442527 
385482 374187 384875 362547 369957 396227 364584 383323 363818 377400 ,385482 374187 384875 362547 369957 396227 364584 383323 363818 377400 
220549 233859 235186 219121 216938 231794 214577 207455 227870 211865 ,220549 233859 235186 219121 216938 231794 214577 207455 227870 211865 
151964 121355 117859 158180 153295 158501 150550 143251 145972 148681 ,151964 121355 117859 158180 153295 158501 150550 143251 145972 148681 
166943 195221 131266 161940 106330 174731 107094 125662 161442 84638 ,166943 195221 131266 161940 106330 174731 107094 125662 161442 84638 
367495 388861 389528 367798 364018 406163 437835 39511 395837 375579 ,367495 388861 389528 367798 437835 39511 395837 426167 416202 400839 
316316 286908 303568 308635 281497 299907 295744 303390 301943 294118 ,316316 286908 303568 308635 281497 299907 295744 303390 301943 294118 
540617 29310 542181 527842 542718 550160 547005 29706 539731 18228 ,540617 29310 542181 527842 542718 550160 547005 29706 539731 18228 
217911 545970 513795 198231 559723 545415 533399 183359 550138 90462 ,217911 545970 513795 198231 559723 545415 533399 183359 550138 90462 
285958 48623 322456 49167 310915 40204 43434 12271 53412 297050 ,285958 48623 322456 49167 310915 40204 43434 12271 53412 297050 
115531 109491 492071 101181 103953 83013 87105 97460 46577 102120 ,115531 109491 492071 101181 103953 83013 87105 97460 46577 102120 
402966 409063 424359 427048 423174 410221 408771 409096 419361 12184 ,402966 409063 424359 427048 423174 410221 408771 409096 419361 12184 
99857 411486 26925 523326 537501 538958 545044 526972 545120 531223 ,99857 26925 523326 537501 538958 545044 526972 545120 531223 553500 
276026 285104 100814 6102 240195 310422 241484 308447 253943 257208 ,276026 285104 100814 6102 240195 310422 241484 308447 253943 257208 
140682 149961 159218 147835 136065 153380 123946 147841 138770 146424 ,140682 149961 159218 147835 136065 153380 123946 147841 138770 146424 
48824 342888 138392 152999 86576 130568 56792 68486 356679 332803 ,48824 342888 138392 152999 86576 130568 56792 68486 356679 332803 
209456 230894 230988 205088 216135 235421 237849 235692 208140 212659 ,209456 230894 230988 205088 216135 235421 237849 235692 208140 212659 
216781 234177 217841 232255 207276 229192 237551 202446 235047 211348 ,216781 234177 217841 232255 207276 229192 237551 202446 235047 211348 
392540 398926 251143 395334 376492 399822 361892 376415 387454 393657 ,392540 398926 395334 376492 399822 361892 376415 387454 393657 399113 
507738 492879 488384 513832 500186 495344 512560 483683 495954 493309 ,507738 492879 488384 513832 500186 495344 512560 483683 495954 493309 
317685 212826 265493 204674 236991 219048 259009 204619 234873 237676 ,317685 212826 265493 204674 236991 219048 259009 204619 234873 237676 
263189 164559 247790 185568 274041 257273 262809 263504 276154 275855 ,263189 164559 247790 185568 274041 257273 262809 263504 276154 275855 
558542 2195 22520 556001 494499 12079 486602 6347 272084 521610 ,2195 22520 556001 494499 12079 486602 6347 272084 521610 447027 
523572 492273 68251 496725 528853 550181 525492 504283 517426 541301 ,523572 492273 496725 528853 550181 525492 504283 517426 541301 539028 
89738 96760 108450 113025 84168 105632 83888 88732 97115 91840 ,89738 96760 108450 113025 84168 105632 83888 88732 97115 91840 
331759 319264 341753 309594 21527 328430 313856 326285 7776 346542 ,331759 319264 341753 309594 21527 328430 313856 326285 7776 346542 
158180 130858 349405 420006 124164 61155 243170 127212 263047 78443 ,158180 130858 349405 420006 124164 61155 243170 127212 263047 78443 
352725 358449 342477 359326 331029 357349 348917 333471 344610 322844 ,352725 358449 342477 359326 331029 357349 348917 333471 344610 322844 
181 4088 13906 21937 295221 14873 38412 8969 509203 27643 ,181 4088 13906 21937 295221 14873 38412 8969 509203 27643 
252197 241602 249265 251410 273076 273253 279176 255400 257677 261572 ,252197 241602 249265 251410 273076 273253 279176 255400 257677 261572 
212852 220698 49592 201476 230909 293433 203843 285195 227494 228230 ,212852 220698 49592 201476 230909 293433 203843 285195 227494 228230 
335593 274487 343828 353685 331624 357143 355166 337124 323479 324641 ,335593 274487 343828 353685 331624 357143 355166 337124 323479 324641 
483785 517531 268402 536404 502034 258169 480631 489678 519409 559442 ,483785 517531 268402 536404 502034 258169 480631 489678 519409 559442 
71295 40062 305526 8460 296885 21543 65976 353704 43673 34744 ,71295 40062 305526 8460 296885 21543 65976 353704 43673 34744 
300523 283387 312944 311396 410924 318039 312585 419361 311842 305402 ,300523 283387 312944 311396 410924 318039 312585 419361 311842 305402 
300037 290850 316426 313495 292624 290855 289703 281090 332972 312259 ,300037 290850 316426 313495 292624 290855 289703 281090 332972 312259 
123973 122051 125775 125059 145743 129956 149814 149020 144458 131449 ,123973 122051 125775 125059 145743 129956 149814 149020 144458 131449 
274698 253508 247576 270534 261428 252857 253907 264630 248719 257472 ,274698 253508 247576 270534 261428 252857 253907 264630 248719 257472 
214546 206652 211221 211301 228028 217042 219576 213960 218536 212685 ,214546 206652 211221 211301 228028 217042 219576 213960 218536 212685 
95775 142590 119545 103681 164000 103550 115113 193753 120938 112702 ,95775 142590 119545 103681 164000 103550 115113 193753 120938 112702 
514734 518781 481177 522619 480924 517463 546071 530303 504440 531115 ,514734 518781 481177 522619 480924 517463 546071 530303 504440 531115 
501280 98963 101718 455133 101127 483404 444650 442561 458409 452229 ,501280 98963 101718 455133 101127 483404 444650 442561 458409 452229 
274232 250714 276328 252275 250769 276418 254567 253205 242860 253896 ,274232 250714 276328 252275 250769 276418 254567 253205 242860 253896 
269430 244348 268013 262047 274511 241129 261456 252689 245483 248486 ,269430 244348 268013 262047 274511 241129 261456 252689 245483 248486 
187584 179062 161949 185431 193539 174478 192787 192648 199246 190489 ,187584 179062 161949 185431 193539 174478 192787 192648 199246 190489 
247980 259251 269881 241481 266454 266126 275925 246947 263618 246113 ,247980 259251 269881 241481 266454 266126 275925 246947 263618 246113 
27499 22719 59702 15617 8460 7926 23402 30136 15417 10405 ,27499 22719 59702 15617 8460 7926 23402 30136 15417 10405 
485880 514757 492916 486225 482248 483463 514831 503401 500451 497848 ,485880 514757 492916 486225 482248 483463 514831 503401 500451 497848 
402722 417834 416292 415133 410529 430018 404412 415575 439881 429271 ,402722 417834 416292 415133 410529 430018 404412 415575 439881 429271 
83589 104068 109872 527900 83462 196224 93370 107748 82286 104006 ,83589 104068 109872 527900 83462 196224 93370 107748 82286 104006 
95913 160006 530683 81501 106407 194145 96239 115259 556057 87626 ,95913 160006 530683 81501 106407 194145 96239 115259 556057 87626 
212032 30791 226932 490043 25390 501518 39818 22918 496611 485851 ,212032 30791 226932 490043 25390 501518 39818 22918 496611 485851 
414253 432809 432255 415358 403122 429488 402829 408015 413929 417827 ,414253 432255 415358 403122 429488 402829 408015 417827 421323 423531 
111845 90619 3023 107490 37379 206468 210217 202901 36084 92406 ,90619 3023 107490 37379 206468 210217 202901 36084 92406 135541 
140535 136227 155678 155227 124742 155972 125352 152163 132336 158189 ,140535 136227 155678 155227 124742 155972 125352 152163 132336 126261 
459705 461653 500889 552012 471308 441368 518900 516525 512359 455478 ,459705 461653 500889 552012 471308 441368 518900 516525 512359 455478 
246118 1799 255787 10459 27675 272891 353664 250473 18023 3923 ,246118 1799 255787 10459 27675 272891 353664 250473 18023 3923 
503643 492408 61228 79076 15594 501058 516418 286325 313649 128214 ,503643 492408 61228 79076 15594 501058 516418 286325 313649 128214 
18352 4022 14327 36818 23609 36027 8440 10227 275412 90577 ,18352 4022 14327 36818 23609 36027 8440 10227 275412 90577 
530104 524984 558513 542475 531512 532211 537224 542317 543664 534768 ,530104 524984 558513 542475 531512 532211 537224 542317 543664 534768 
322974 321764 325544 341844 339243 343820 335582 340336 324790 352799 ,322974 321764 325544 341844 339243 343820 335582 340336 324790 341764 
286989 317492 295108 281419 316425 314015 156595 294494 299817 305841 ,286989 317492 295108 281419 316425 314015 156595 294494 299817 305841 
5187 9 16157 17364 23250 14857 6641 39505 15148 32617 ,5187 9 16157 17364 23250 14857 6641 39505 15148 32617 
74377 57799 43448 76710 51564 42598 53541 49309 55936 64512 ,74377 57799 43448 76710 51564 42598 53541 49309 55936 64512 
445706 460075 441163 444792 445998 473426 441454 530374 440781 454289 ,445706 460075 441163 444792 445998 473426 441454 530374 440781 454289 
237182 97101 419293 472791 543979 533888 535259 444575 467766 533982 ,237182 97101 419293 472791 543979 533888 535259 444575 467766 533982 
358559 341297 358608 35616 338607 349843 354664 298062 352827 344495 ,358559 341297 358608 35616 338607 349843 354664 298062 352827 344495 
144510 156783 123718 124506 135832 146731 129418 157029 149460 127446 ,144510 156783 123718 124506 135832 146731 129418 157029 149460 127446 
125952 130313 106931 145974 118262 144306 86963 110221 151089 117465 ,125952 130313 106931 145974 118262 144306 86963 110221 151089 117465 
67299 47183 75882 73102 67312 42565 51834 66406 72707 63914 ,67299 47183 75882 73102 67312 42565 51834 66406 72707 63914 
37087 532248 18993 15118 11716 275225 37794 70351 6659 261537 ,37087 532248 18993 15118 11716 275225 37794 70351 6659 261537 
114782 105054 179175 120837 198710 161131 154687 151789 89930 460043 ,114782 105054 179175 120837 198710 161131 154687 151789 89930 460043 
476969 23212 459847 503035 466820 29195 451985 460542 476879 538413 ,476969 23212 459847 503035 466820 29195 451985 460542 476879 538413 
111883 93720 102405 116000 116612 88258 106729 107735 115351 95322 ,111883 93720 102405 116000 88258 106729 107735 115351 95322 80730 
21858 26460 33213 31675 1237 241159 275168 14595 17410 18673 ,21858 26460 33213 31675 1237 241159 275168 14595 17410 18673 
134914 127532 144961 148882 122537 140505 122029 125162 138495 153119 ,134914 127532 144961 148882 122537 140505 122029 125162 138495 153119 
383526 381289 381584 378385 397004 372091 371002 364935 388903 375100 ,383526 381289 381584 378385 397004 372091 371002 364935 388903 375100 
44768 79187 48726 62786 55552 61352 73801 58145 78876 47655 ,44768 79187 48726 62786 55552 61352 73801 58145 78876 47655 
50783 42931 64324 66951 69163 44827 57127 79000 76169 70186 ,50783 42931 64324 69163 44827 57127 79000 76169 70186 76380 
284333 250218 47939 293041 51995 304921 58912 71040 48134 71538 ,284333 250218 47939 293041 51995 304921 58912 71040 48134 71538 
352234 357525 338429 357936 324574 313908 314469 342354 337163 347410 ,352234 357525 338429 357936 324574 313908 314469 342354 337163 347410 
489123 490914 95155 518378 522626 559731 539038 534076 509376 559337 ,489123 490914 95155 518378 522626 559731 539038 534076 509376 559337 
273235 271412 273945 279950 262378 269843 271154 251638 260494 244401 ,273235 271412 273945 279950 262378 269843 271154 251638 260494 244401 
500864 38830 424531 25255 440551 15358 484560 485792 413881 273950 ,500864 38830 424531 25255 440551 15358 484560 485792 413881 273950 
265676 256247 248543 267213 256265 273134 279599 276858 266527 269028 ,265676 256247 248543 267213 256265 273134 279599 276858 266527 269028 
549572 547366 525253 558853 520736 535113 544972 520131 532372 553750 ,549572 547366 525253 558853 520736 535113 544972 520131 532372 553750 
543771 407085 225129 555374 550785 525509 15775 554141 527059 388758 ,543771 407085 225129 555374 525509 15775 554141 527059 388758 113462 
58089 58531 76408 42340 45460 74372 60826 68306 59613 63827 ,58089 58531 76408 42340 45460 74372 60826 68306 59613 63827 
447916 523421 270947 334017 540545 553306 524517 31158 559485 523649 ,447916 523421 270947 334017 540545 553306 524517 31158 559485 523649 
30766 15089 267329 9131 69837 404253 403585 18015 429305 208709 ,30766 15089 267329 9131 69837 404253 403585 18015 429305 208709 
554982 207610 530075 254948 538446 239897 549719 542218 558838 532729 ,554982 207610 530075 254948 538446 239897 549719 542218 558838 532729 
468623 19529 455639 470737 542874 483841 508812 505779 450200 440614 ,468623 19529 455639 470737 542874 483841 508812 505779 450200 440614 
537457 240385 545224 536576 250045 527114 272302 484068 247496 540401 ,537457 240385 545224 536576 250045 527114 272302 484068 247496 540401 
104830 554473 116489 104119 209304 223131 544849 97925 115225 96741 ,104830 554473 116489 104119 209304 223131 544849 97925 115225 96741 
348719 339726 330924 342764 347166 320923 357106 358403 77235 46280 ,348719 339726 330924 342764 347166 320923 357106 358403 77235 46280 
515167 489005 512715 512298 483900 500633 498368 485258 496360 512402 ,515167 489005 512715 512298 483900 500633 498368 485258 496360 512402 
300576 298347 63010 282706 303626 284519 318235 309058 315621 304850 ,300576 298347 63010 282706 303626 284519 318235 309058 315621 304850 
143614 84043 134963 151566 88073 127894 120460 147065 129649 83137 ,143614 84043 134963 151566 88073 127894 120460 147065 129649 83137 
194753 161905 175000 182308 165128 192861 183937 190332 176030 71435 ,194753 161905 175000 182308 165128 192861 183937 190332 176030 60256 
541237 558156 555705 556904 521440 531438 534275 528950 501845 487363 ,541237 558156 555705 556904 521440 531438 534275 528950 501845 487363 
293391 329709 316180 346684 317932 178922 349772 184830 317947 133670 ,293391 329709 316180 346684 317932 178922 349772 184830 317947 304989 
535062 547872 551605 537257 550068 265104 534878 535706 541304 242279 ,535062 547872 551605 537257 550068 265104 534878 535706 541304 242279 
476145 558029 464545 463675 458566 458356 467332 464908 454807 443835 ,476145 558029 464545 463675 458566 458356 467332 464908 454807 443835 
109310 121226 97353 179145 460225 90630 102757 150732 118054 473473 ,109310 121226 97353 179145 460225 90630 102757 150732 118054 473473 
409460 419588 428308 431733 436691 412574 433003 406840 414310 439762 ,409460 419588 428308 431733 436691 412574 433003 406840 414310 439762 
190241 178198 188626 166534 199903 172178 93510 187229 174000 243061 ,190241 178198 188626 166534 199903 172178 93510 187229 174000 243061 
348542 306502 331714 520443 489872 452692 559243 424260 386782 90884 ,348542 306502 331714 520443 489872 452692 559243 424260 386782 90884 
291997 286106 155720 301216 192358 116060 108645 126202 87990 129957 ,291997 286106 155720 301216 192358 116060 108645 126202 87990 129957 
404313 421483 438530 379209 401414 436425 411152 407152 437585 439865 ,404313 421483 438530 379209 401414 436425 411152 407152 437585 439865 
156388 130257 126432 135709 128880 129836 140823 146328 150991 132189 ,156388 130257 126432 135709 128880 129836 140823 146328 150991 132189 
133645 123114 120077 137328 142011 153965 193782 137455 297447 136373 ,133645 123114 120077 137328 142011 153965 137455 297447 136373 92342 
212110 66054 217295 279569 220162 248116 235698 218405 65609 163994 ,212110 66054 217295 279569 220162 248116 235698 218405 65609 163994 
344060 345982 325147 248465 334625 250989 301530 359852 354112 354293 ,344060 345982 325147 248465 334625 250989 301530 359852 354112 354293 
14656 312062 319141 455456 492198 20677 11945 214998 401 209985 ,14656 312062 319141 455456 492198 20677 11945 214998 401 209985 
19248 22254 6185 205402 9122 17190 36277 6815 617 27325 ,19248 22254 6185 205402 9122 17190 36277 6815 617 27325 
22542 23827 14503 452099 213359 542381 443193 542478 556197 25198 ,22542 23827 14503 452099 213359 542381 443193 542478 556197 25198 
412846 419584 412276 407498 415958 409320 428086 425556 422558 417061 ,412846 419584 412276 407498 415958 409320 428086 425556 422558 417061 
412971 402104 400547 437244 403996 427415 410525 434722 405798 409683 ,402104 400547 437244 403996 434722 409683 418989 431164 437859 433266 
425892 424575 434227 414562 433243 424819 431795 435292 425381 414687 ,425892 424575 434227 414562 424819 431795 435292 425381 414687 417921 
187199 162791 176049 197529 166476 169687 197854 177234 178699 123915 ,187199 162791 176049 197529 166476 169687 197854 177234 178699 123915 
90368 166439 84453 90491 93579 89905 105847 106671 107356 170488 ,90368 166439 84453 90491 93579 89905 105847 106671 107356 170488 
407202 437813 416129 377117 421695 386922 418881 421920 362241 419661 ,407202 416129 421695 386922 418881 421920 362241 402946 403481 409764 
263241 241282 268909 270278 62444 260562 240434 272026 251842 248097 ,263241 241282 268909 270278 62444 260562 240434 272026 251842 248097 
156595 82241 197035 117063 541305 453986 159008 113059 120801 84077 ,156595 82241 197035 117063 541305 453986 159008 113059 120801 84077 
7504 2639 32455 27200 1739 9114 23129 19328 6612 16395 ,7504 2639 32455 27200 1739 9114 23129 19328 6612 16395 
436887 423752 420898 428952 423096 403520 365326 423277 402039 438257 ,436887 423752 420898 428952 423096 403520 365326 423277 402039 438257 
18905 366158 363919 382299 110150 364593 163601 175351 14345 140 ,18905 366158 363919 382299 110150 163601 175351 14345 140 368767 
511793 513153 110520 454998 559670 103419 536074 118871 525912 444757 ,511793 513153 110520 454998 559670 103419 536074 118871 525912 444757 
30420 20042 37655 28178 4109 178348 177086 191896 23498 192770 ,30420 20042 37655 28178 4109 178348 177086 191896 23498 192770 
20261 277552 10840 16056 354240 17708 357986 36878 33321 486958 ,20261 277552 10840 16056 354240 17708 357986 36878 33321 486958 
280425 296350 317944 316920 289570 287049 313690 297249 309431 314418 ,280425 296350 317944 316920 289570 287049 313690 297249 309431 314418 
199522 194052 199294 182395 164555 186235 165049 176073 194584 172075 ,199522 194052 199294 182395 164555 186235 165049 176073 194584 172075 
476122 444748 471485 469526 319602 447131 453156 445158 64277 471806 ,476122 444748 471485 319602 447131 453156 445158 64277 471806 471653 
47428 258055 62659 273816 65310 49370 75076 56466 47855 67995 ,47428 258055 62659 273816 65310 49370 75076 56466 47855 67995 
222178 15234 143157 138189 2005 28152 23227 520729 35555 300031 ,222178 15234 143157 138189 2005 28152 23227 520729 35555 300031 
390249 138724 165163 170628 193032 87634 134318 140334 182728 152430 ,390249 138724 165163 170628 193032 134318 140334 182728 152430 439096 
484387 517508 128106 501433 488651 500422 515248 494069 508075 99743 ,484387 517508 128106 501433 488651 500422 515248 494069 508075 99743 
268888 255563 270254 253753 262222 248721 240924 255679 241136 263162 ,255563 270254 253753 262222 248721 240924 255679 241136 263162 261179 
32079 27167 75321 37551 33948 3223 208439 27776 269360 256169 ,32079 27167 75321 37551 33948 3223 208439 27776 269360 256169 
111155 110563 27257 171387 100462 30627 93040 115314 517149 528553 ,111155 110563 27257 171387 100462 30627 93040 115314 517149 528553 
167678 146183 122700 194099 120108 125454 167934 178329 145238 153770 ,167678 146183 122700 194099 120108 125454 167934 178329 145238 153770 
408024 435976 414234 368188 427388 408724 414549 429194 418129 436938 ,408024 435976 414234 368188 427388 408724 414549 429194 418129 436938 
292782 280680 314547 287294 289485 291943 313086 296154 288694 299519 ,292782 280680 314547 287294 289485 291943 313086 296154 288694 299519 
104682 95049 115680 364480 205753 364131 230199 443359 233361 374868 ,104682 95049 115680 364480 364131 230199 443359 233361 374868 116269 
215223 213346 223882 218025 213572 238874 223359 235756 206427 208113 ,215223 213346 223882 218025 213572 238874 223359 235756 206427 208113 
220155 159480 153514 148388 120637 138581 154294 121408 134329 145454 ,220155 159480 153514 148388 120637 138581 154294 121408 134329 145454 
305953 297966 306427 519558 512025 503073 310508 286008 496091 300218 ,305953 297966 306427 519558 512025 503073 310508 286008 496091 300218 
510624 501527 483553 509534 508490 500864 63410 507025 504886 512718 ,510624 483553 508490 500864 63410 507025 512718 509946 487058 501686 
414677 409394 401838 408533 413979 386081 421183 406547 414080 412898 ,409394 401838 408533 386081 421183 412898 384120 402774 437561 426218 
281286 282577 298130 307131 308099 313004 297949 296134 310968 312335 ,281286 282577 298130 307131 308099 313004 297949 296134 310968 312335 
498523 499959 518433 510608 539302 534848 509328 481719 516587 493320 ,498523 499959 518433 510608 539302 534848 509328 481719 516587 493320 
395359 366889 370867 362850 379798 366817 424881 373713 376225 427338 ,395359 366889 370867 362850 379798 366817 424881 373713 376225 427338 
116194 102111 88458 20937 96882 81121 95579 90000 480447 90380 ,116194 102111 88458 20937 96882 81121 95579 90000 480447 90380 
400506 420432 363385 80417 428830 418104 16249 431467 430393 48117 ,400506 420432 363385 80417 428830 16249 431467 430393 48117 38187 
287515 27406 34244 44704 63492 284953 273197 261533 219652 10973 ,287515 27406 34244 44704 63492 284953 273197 261533 219652 10973 
16789 375130 471311 384513 430196 369493 377241 415385 425349 313200 ,16789 471311 34700 293673 262741 553208 520386 294398 281109 536687 
454854 465521 446468 88028 470829 454537 86826 475973 29271 469454 ,454854 465521 446468 88028 470829 454537 86826 475973 29271 469454 
368316 372356 362301 374041 394626 385837 380103 374362 375304 388562 ,368316 372356 362301 374041 394626 385837 380103 374362 375304 388562 
86386 507366 440096 110554 34222 236913 236088 476221 64954 22847 ,86386 440096 110554 34222 236913 236088 476221 64954 22847 277391 
36842 453899 461914 9389 144066 467603 476783 28828 465014 5058 ,36842 453899 461914 9389 144066 467603 476783 28828 465014 5058 
160102 175557 183905 192536 194003 548161 182898 179448 187509 183068 ,160102 175557 183905 192536 194003 548161 182898 179448 187509 183068 
531151 537486 524300 553771 547161 522749 528865 520846 540191 546249 ,531151 537486 524300 553771 547161 522749 528865 520846 540191 546249 
412811 436484 104440 422715 431457 103436 428736 193007 426025 153740 ,412811 436484 104440 422715 431457 103436 428736 193007 426025 153740 
489336 493074 489268 515578 492005 515753 505086 4824 517891 509288 ,489336 493074 489268 515578 492005 515753 505086 4824 517891 509288 
12690 227 187405 6831 15372 20266 1000 25301 14009 32966 ,12690 227 187405 6831 15372 20266 1000 25301 14009 32966 
223147 210123 206858 227572 234729 213362 190987 211528 203958 237551 ,223147 210123 206858 227572 234729 213362 190987 211528 203958 237551 
434440 438708 420627 423375 403197 428558 405191 433022 437695 436679 ,434440 438708 420627 423375 403197 428558 405191 433022 437695 436679 
551641 544278 553378 528069 536971 557109 524801 242506 552052 347646 ,551641 544278 553378 528069 536971 557109 524801 242506 552052 347646 
89103 451938 443426 444500 475907 452384 538084 476015 464288 462013 ,451938 443426 444500 475907 452384 538084 476015 464288 462013 451118 
41232 45251 68969 53317 69917 44128 50747 47890 62145 76003 ,41232 45251 68969 53317 69917 44128 50747 47890 62145 76003 
91199 84641 98712 192879 92114 443123 113984 43207 80887 80758 ,91199 84641 98712 192879 92114 443123 113984 43207 80887 80758 
150601 137118 152435 193285 150113 127158 151139 155418 128045 136995 ,150601 137118 152435 193285 150113 127158 151139 155418 128045 136995 
442278 465096 460423 446267 453206 453033 472588 459672 534582 459182 ,442278 465096 460423 446267 453206 453033 459672 534582 459182 458431 
285467 282327 285627 308264 310037 311941 288792 283462 312972 291893 ,285467 282327 285627 308264 310037 311941 288792 283462 312972 291893 
530167 512040 559111 557027 557058 544507 546930 525716 551362 550619 ,530167 512040 559111 557027 557058 544507 546930 525716 551362 550619 
347035 543072 540684 522801 33519 493643 12202 482678 549101 499413 ,347035 543072 540684 522801 33519 493643 12202 482678 549101 499413 
555899 547334 530391 449491 527350 536137 540089 554252 443130 526671 ,555899 547334 530391 449491 527350 536137 540089 554252 443130 526671 
216793 237270 207987 214125 231195 237668 236736 226722 225044 208061 ,216793 237270 207987 214125 231195 237668 236736 226722 225044 208061 
139922 471944 113610 114777 119213 105180 105480 86921 80563 89236 ,139922 471944 113610 114777 119213 105180 105480 86921 80563 89236 
224003 235791 202336 207233 209085 233654 237023 218430 226951 238788 ,224003 235791 202336 207233 209085 233654 237023 218430 226951 238788 
167459 168022 198564 176410 197518 178265 184953 177200 195264 184896 ,167459 168022 198564 176410 197518 178265 184953 177200 195264 184896 
368810 381398 381500 388282 370314 373135 379210 380524 364491 363950 ,381500 370314 379210 364491 363950 387381 377471 383059 365605 386899 
468796 443873 471363 441062 440416 442436 477895 447821 466268 445777 ,468796 443873 471363 441062 440416 442436 477895 447821 466268 445777 
462347 447856 471935 500737 18410 81787 468015 446010 453661 476806 ,462347 447856 471935 500737 18410 81787 468015 446010 453661 476806 
170892 163016 164900 191302 165729 166895 194192 160922 185761 173172 ,170892 163016 164900 191302 165729 166895 194192 160922 185761 173172 
171558 166801 199933 190538 167881 168211 229862 109105 163093 233392 ,171558 166801 199933 190538 167881 168211 229862 109105 163093 233392 
155188 151909 133127 123972 153546 152380 523085 192050 534317 194890 ,155188 151909 133127 153546 152380 523085 192050 534317 194890 194636 
450235 299468 476537 252681 445993 534481 52420 466081 64308 73479 ,450235 299468 476537 252681 445993 534481 52420 466081 64308 73479 
507890 513327 486819 494269 508960 517906 480530 508484 512401 484214 ,507890 513327 486819 494269 508960 517906 480530 508484 512401 484214 
113739 107283 101141 119825 83744 103183 100713 148266 194165 153875 ,113739 107283 101141 119825 83744 103183 100713 148266 194165 153875 
316252 291857 297487 515542 310754 235256 496738 2779 239165 284502 ,316252 291857 297487 515542 310754 235256 496738 2779 239165 284502 
81147 102286 90006 448326 441311 80758 113757 462237 108592 109939 ,81147 102286 90006 448326 441311 80758 113757 462237 108592 109939 
39135 26411 14075 17870 22216 25759 33380 35579 32811 36940 ,39135 26411 14075 17870 22216 25759 33380 35579 32811 36940 
450928 454469 468354 468022 365058 466453 479009 395150 378811 473383 ,454469 468354 468022 365058 466453 479009 395150 378811 473383 380972 
397712 315925 280822 394763 361261 290414 373505 379226 378860 388558 ,397712 315925 280822 290414 373505 379226 388558 396184 406738 399852 
221153 233848 217876 226229 425078 229993 232719 225467 228949 205892 ,221153 233848 217876 226229 229993 232719 225467 228949 205892 263174 
420163 379994 377859 450359 438688 325209 391127 390437 361153 369171 ,420163 379994 377859 450359 438688 325209 391127 390437 361153 369171 
44467 77689 60169 350306 324414 343658 329570 334022 330796 49853 ,44467 77689 60169 350306 324414 343658 329570 334022 330796 49853 
30798 7916 36326 284225 8605 20055 18650 24433 22248 21263 ,30798 7916 36326 284225 8605 20055 18650 24433 22248 21263 
454932 516119 441349 517519 485789 450661 481548 464391 514688 472217 ,454932 516119 441349 517519 485789 450661 481548 464391 514688 472217 
535681 214321 203136 217684 525888 213894 230353 223155 216481 238567 ,535681 214321 203136 217684 525888 213894 230353 223155 216481 238567 
96783 119496 100070 104029 88930 108756 82518 80331 93596 96752 ,96783 119496 100070 104029 88930 108756 82518 80331 93596 96752 
535472 533967 550447 525892 541256 547441 100006 537046 552524 543177 ,535472 533967 550447 525892 541256 547441 100006 537046 552524 543177 
329777 263202 289054 348812 331099 324889 357911 345651 339176 359051 ,329777 263202 289054 348812 331099 324889 357911 345651 339176 359051 
346490 359579 320656 323169 355819 325696 345680 355870 349267 327041 ,346490 359579 320656 323169 355819 325696 345680 355870 349267 327041 
380391 369491 384655 376938 397664 377622 391186 392215 396917 382399 ,380391 369491 384655 376938 397664 377622 391186 392215 396917 382399 
348050 345491 326801 345815 339681 355076 326495 327147 350378 325554 ,348050 345491 326801 345815 339681 355076 326495 327147 350378 325554 
197879 171817 189327 191693 189778 195189 177612 171305 172319 175244 ,197879 171817 189327 191693 189778 195189 177612 171305 172319 175244 
537160 8301 200669 26883 509551 517980 473959 475742 220076 20171 ,537160 8301 200669 26883 509551 517980 473959 475742 220076 20171 
158425 134341 129450 135398 140447 136516 156974 153185 155738 144128 ,158425 134341 135398 140447 136516 156974 153185 155738 144128 128960 
174932 77965 48033 64927 165040 169629 49424 189383 559831 79650 ,174932 77965 48033 64927 165040 169629 49424 559831 79650 64782 
71959 307665 42067 298813 168435 293225 311715 246376 283726 292869 ,71959 307665 42067 298813 168435 293225 311715 246376 283726 292869 
508057 508000 516179 511622 482209 515923 514543 480363 517960 488710 ,508057 508000 516179 511622 482209 515923 514543 480363 517960 488710 
434965 405682 439257 417406 403988 424839 437001 408822 421354 414802 ,417406 403988 437001 414802 405643 403668 423099 420193 420026 408145 
351728 323437 359986 334816 330936 351629 322380 332648 332955 358098 ,351728 323437 359986 334816 330936 351629 322380 332648 332955 358098 
25730 108293 494615 110499 117913 113686 92604 101063 109564 8996 ,25730 108293 494615 110499 117913 113686 92604 101063 109564 8996 
186636 196483 180864 196527 165084 162058 195006 174898 168064 175690 ,186636 196483 180864 196527 165084 162058 195006 174898 168064 175690 
418450 431080 439308 292043 361007 407293 289901 129518 424047 415770 ,418450 292043 361007 407293 289901 129518 424047 415770 403881 313222 
493646 503797 495719 501706 506005 513462 510749 506947 517489 493635 ,493646 503797 495719 501706 506005 513462 510749 506947 517489 493635 
516224 499506 507101 514145 483723 111558 494807 512059 491128 480550 ,516224 499506 507101 514145 483723 111558 494807 512059 491128 480550 
252649 260047 5125 247699 279381 240162 257399 278158 276256 261129 ,252649 260047 5125 247699 279381 240162 257399 278158 276256 261129 
51555 62217 41563 41551 71958 74757 58807 257290 46874 47305 ,51555 62217 41563 41551 71958 74757 58807 257290 46874 47305 
401088 433794 400350 415973 412966 429405 408326 401499 420596 401535 ,394318 378097 387816 395148 363610 386504 374707 380560 383129 376698 
297227 173874 86151 108622 112878 195826 83509 97076 52753 198198 ,297227 173874 86151 108622 112878 195826 83509 97076 52753 198198 
353272 348576 352054 329090 340137 338437 331144 335542 332422 207015 ,353272 348576 352054 329090 340137 338437 331144 335542 332422 207015 
78662 61296 44529 78922 74557 65230 50179 57104 67211 46438 ,78662 61296 44529 78922 74557 65230 50179 57104 67211 46438 
405811 435639 428027 433556 311184 427158 412182 312735 418009 415921 ,405811 435639 428027 433556 311184 427158 412182 312735 418009 415921 
141514 126662 126289 132427 141296 120429 136726 147060 133329 132329 ,141514 126662 126289 132427 141296 120429 136726 147060 133329 132329 
347939 350107 332189 343064 359751 322708 328963 355234 338000 341211 ,347939 350107 332189 343064 359751 322708 328963 355234 338000 341211 
492250 492689 481510 489906 505327 480518 485413 515467 508160 559104 ,492250 492689 481510 489906 505327 480518 485413 515467 508160 559104 
527594 534752 86078 533753 534672 94248 523898 554184 520042 532579 ,527594 534752 86078 533753 534672 94248 523898 554184 520042 532579 
388200 392619 364506 373180 401057 390890 368747 377229 384407 390335 ,388200 392619 364506 373180 401057 390890 368747 377229 384407 390335 
173718 170384 189647 177431 188545 168527 191564 176821 186992 183815 ,173718 170384 189647 177431 188545 168527 191564 176821 186992 183815 
96384 98231 96275 104939 97997 117771 100045 85855 86023 161158 ,96384 98231 96275 104939 97997 117771 100045 85855 86023 161158 
399768 363807 369273 397261 373664 386161 387794 380454 395358 372893 ,399768 363807 369273 397261 373664 386161 387794 380454 395358 372893 
187558 164862 167162 177360 160905 174126 197056 187324 175078 196298 ,187558 164862 167162 177360 160905 174126 197056 187324 175078 196298 
1135 9121 23685 173 4301 16278 214574 22173 144756 11541 ,1135 9121 23685 173 4301 16278 214574 22173 144756 11541 
1520 217018 256536 253955 242109 264442 299572 281066 257529 355479 ,1520 217018 256536 253955 242109 264442 299572 281066 257529 355479 
365006 404822 381586 375266 385339 398407 367303 395019 396896 374891 ,365006 404822 381586 375266 385339 398407 367303 395019 396896 374891 
230646 556610 13235 3173 471028 468557 447882 462067 470311 35897 ,230646 556610 13235 3173 471028 468557 447882 462067 470311 35897 
465875 454280 461725 449648 448476 455496 471888 452176 455774 447147 ,465875 454280 461725 449648 448476 455496 471888 452176 455774 447147 
431167 412932 425370 425054 419213 411355 425553 381702 418209 430972 ,431167 412932 425370 425054 419213 411355 425553 381702 418209 430972 
69902 53843 56594 54423 59992 46946 59708 67802 57420 57701 ,69902 53843 56594 54423 59992 46946 59708 67802 57420 57701 
47414 77248 256527 264248 76649 255796 65751 72711 43472 241326 ,47414 77248 264248 76649 255796 65751 72711 43472 241326 68944 
338851 341728 308736 342850 55863 341442 9450 70316 351125 76664 ,338851 341728 308736 342850 55863 341442 9450 70316 351125 76664 
133113 136889 122340 124737 136189 159527 135885 150021 125994 125274 ,133113 136889 122340 124737 136189 159527 135885 150021 125994 125274 
271229 246714 254459 257844 253422 276003 248538 279763 266470 258121 ,271229 246714 254459 257844 253422 276003 248538 279763 266470 258121 
460682 465022 474383 444840 455917 118672 460551 455606 474387 471533 ,460682 465022 474383 444840 455917 118672 460551 455606 474387 471533 
396196 360621 382766 376886 421137 370458 369888 391331 371069 370885 ,421137 370458 369888 391331 371069 370885 370308 431123 388116 364308 
125970 312524 100729 143442 6886 155641 10527 197035 22563 358255 ,125970 312524 100729 143442 6886 155641 10527 197035 22563 358255 
163961 181928 167672 186411 168394 271359 180796 165107 192590 193432 ,163961 181928 167672 186411 168394 271359 180796 165107 192590 193432 
248559 257988 249362 274063 256611 265588 274161 250684 508663 245384 ,248559 257988 249362 274063 256611 265588 274161 250684 508663 245384 
155585 205459 237109 206326 114163 230224 237031 141662 209058 211372 ,155585 205459 237109 206326 230224 141662 209058 211372 232697 223908 
510734 208731 218127 220461 219417 205541 225429 226639 234178 200052 ,510734 208731 218127 220461 219417 205541 225429 226639 234178 200052 
203225 202645 225959 202844 215290 224028 235390 205704 230341 235374 ,202645 225959 202844 215290 224028 235390 205704 230341 235374 212466 
97508 356818 10227 287368 328245 22852 293653 310728 20834 288476 ,97508 356818 10227 287368 328245 22852 293653 310728 20834 288476 
388700 373856 363823 395628 363527 390076 382018 367455 365070 388179 ,388700 373856 363823 395628 363527 390076 382018 367455 365070 388179 
404772 421884 400218 410963 429693 416216 423293 409205 417296 422235 ,390908 283764 361283 309079 378210 363655 391334 287300 392530 367068 
69851 66534 247254 50398 78482 31356 56517 337663 16832 47953 ,69851 66534 247254 50398 78482 31356 56517 337663 16832 47953 
333683 352705 348924 322605 71756 322355 307422 335953 320016 359234 ,333683 352705 348924 322605 71756 322355 307422 335953 320016 359234 
513209 505316 512154 508045 517532 508056 509965 511033 491985 481517 ,513209 505316 512154 508045 517532 508056 509965 511033 491985 481517 
81221 92720 102195 97234 109625 508455 80202 86863 86062 86688 ,81221 92720 102195 97234 109625 508455 80202 86863 86062 86688 
421791 400914 431142 423628 428568 417756 419567 412157 429705 434907 ,423628 419567 434907 418469 404667 439119 421852 429893 418206 415310 
345516 343027 337493 96213 136559 321203 296815 302718 350491 489651 ,345516 343027 337493 96213 136559 321203 296815 302718 350491 489651 
539966 474563 458502 477576 468851 540332 524066 454931 541191 553353 ,539966 474563 458502 477576 468851 540332 524066 454931 541191 553353 
410818 436241 415392 428059 406763 434726 427833 426667 434767 433855 ,410818 436241 415392 428059 406763 434726 427833 426667 434767 433855 
275508 264185 271344 247556 264426 247089 251038 279719 259801 242448 ,275508 264185 271344 247556 264426 247089 251038 279719 259801 242448 
391854 396240 373380 370050 374196 366267 391265 371689 375601 389117 ,391854 396240 373380 370050 374196 366267 391265 371689 375601 389117 
428709 413275 427124 411574 413524 422826 400940 424514 419194 422166 ,428709 413275 427124 411574 413524 422826 400940 424514 419194 422166 
433074 418521 394855 415522 416852 428129 202564 421668 439290 428840 ,433074 418521 394855 415522 416852 202564 421668 439290 415655 402978 
44016 50479 64457 59461 50456 48314 45668 41821 44956 71586 ,44016 50479 64457 59461 50456 48314 45668 41821 44956 71586 
5045 36859 46975 46673 9848 66695 49277 67842 60965 61430 ,5045 36859 46975 46673 9848 66695 49277 67842 60965 61430 
30549 344381 397704 75976 35541 366972 398123 221176 166931 396757 ,30549 344381 75976 35541 366972 221176 166931 11177 492047 22114 
551677 102599 83334 91177 117804 98327 97553 512089 197568 115751 ,551677 102599 83334 91177 117804 98327 97553 512089 197568 115751 
363113 361522 373655 372723 389636 395611 375863 385412 398747 377820 ,363113 361522 373655 372723 389636 395611 375863 385412 398747 377820 
336603 355675 344055 332397 345428 324973 340345 340994 356429 349950 ,336603 355675 344055 332397 345428 324973 340345 340994 356429 349950 
331841 334285 174190 347821 188650 341992 340546 322039 161116 322579 ,331841 334285 174190 347821 188650 341992 340546 322039 161116 322579 
537990 522829 530889 520785 541181 541517 544329 524338 444401 529987 ,537990 522829 530889 520785 541181 541517 544329 524338 444401 529987 
165658 16035 169876 405744 360756 215981 211169 197918 287039 392265 ,165658 16035 169876 405744 215981 211169 197918 287039 392265 367496 
185920 170703 183325 190990 440030 176401 28397 25038 173679 81071 ,185920 170703 183325 190990 440030 176401 28397 25038 173679 81071 
26402 258646 27562 33003 16262 188091 168679 44559 28901 8893 ,26402 258646 27562 33003 16262 188091 168679 44559 28901 8893 
354407 292941 307772 304055 299866 240431 274020 305481 347878 289632 ,354407 292941 307772 304055 299866 240431 274020 305481 347878 289632 
463826 466048 459137 446346 443254 463082 475930 474646 476773 450011 ,463826 466048 459137 446346 443254 463082 475930 474646 476773 450011 
56746 53205 74484 67810 74301 58785 73105 58729 71871 56074 ,56746 53205 74484 67810 74301 58785 73105 58729 71871 56074 
25009 32389 17313 16055 15129 20060 49273 15201 8278 15052 ,25009 32389 17313 16055 15129 20060 49273 15201 8278 15052 
16979 193265 187207 168982 119669 552167 106028 191913 17814 189681 ,16979 193265 187207 168982 119669 552167 106028 191913 17814 189681 
230712 217388 224501 111849 211542 235150 226579 237021 214995 227602 ,230712 217388 224501 111849 211542 235150 226579 237021 214995 227602 
69458 57478 57301 68532 61668 63495 53451 71086 269559 46963 ,69458 57478 57301 68532 61668 63495 53451 71086 269559 46963 
71747 237216 47579 67610 62142 43955 71189 78934 63631 59083 ,71747 237216 47579 67610 62142 43955 71189 78934 63631 59083 
239554 235835 231122 214665 216138 218286 234585 226639 233450 219029 ,239554 235835 231122 214665 216138 218286 234585 226639 233450 219029 
81969 99198 482814 105212 119338 536176 544160 107368 509012 93387 ,81969 99198 482814 105212 119338 536176 544160 107368 509012 93387 
526907 541338 547712 530590 552784 559182 552419 539873 543860 534332 ,526907 541338 547712 530590 552784 559182 552419 539873 543860 534332 
177963 182582 167449 198762 186596 169569 181894 164468 170948 177001 ,177963 182582 167449 198762 186596 169569 181894 164468 170948 177001 
147870 156738 121081 131803 122008 122033 140776 138074 141878 146922 ,147870 156738 121081 131803 122008 122033 140776 138074 141878 146922 
418902 405658 435487 411765 427447 408126 405296 425946 415881 401121 ,418902 405658 435487 411765 427447 408126 405296 425946 415881 401121 
122087 146081 126687 141222 149595 149737 156865 154702 141771 136467 ,122087 146081 126687 141222 149595 149737 156865 154702 141771 136467 
487759 81458 102396 95192 486576 491326 91724 80111 97872 118772 ,487759 81458 102396 95192 486576 491326 91724 80111 97872 118772 
523911 549772 520350 536255 528781 515387 520171 551067 543974 551228 ,523911 549772 520350 536255 528781 515387 520171 551067 543974 551228 
383178 362235 375261 365624 371358 386384 390842 384855 399859 371773 ,383178 362235 375261 365624 371358 386384 390842 384855 399859 371773 
484765 497123 529548 514010 502489 507997 523301 502828 513825 521148 ,484765 497123 529548 514010 502489 507997 523301 502828 513825 521148 
34962 173737 195571 378182 541790 528550 222880 243457 387510 218405 ,34962 173737 195571 541790 528550 222880 243457 387510 218405 544603 
516017 496337 508881 486899 508765 494079 501798 482787 484978 488005 ,516017 496337 508881 486899 508765 494079 501798 482787 484978 488005 
544091 556902 548072 526915 552477 524473 540861 542265 542872 551192 ,544091 556902 548072 526915 552477 524473 540861 542265 542872 551192 
9064 529126 112563 141033 296110 44789 313544 312329 296068 222767 ,9064 529126 112563 141033 296110 44789 313544 312329 296068 222767 
113746 51233 142090 120860 157485 79160 70441 88059 147435 45600 ,113746 51233 120860 157485 79160 70441 88059 147435 45600 76275 
19561 37099 166 17612 796 407829 21121 366942 32306 256602 ,19561 37099 166 17612 796 407829 21121 366942 32306 256602 
44676 71211 55523 68000 40924 63421 79208 74331 40224 53931 ,44676 71211 55523 68000 40924 63421 79208 74331 40224 53931 
425403 423232 224636 215961 203826 432007 393026 208822 414501 413805 ,425403 423232 224636 215961 203826 432007 393026 208822 414501 413805 
190585 169698 196292 112445 161190 199156 528945 166872 160065 555522 ,190585 169698 196292 112445 161190 199156 528945 166872 160065 555522 
106079 97290 461256 92142 470984 442570 446237 458832 95773 90800 ,106079 97290 92142 470984 442570 458832 95773 90800 92140 443971 
167510 164538 183982 185869 185401 165480 184427 169720 165638 160654 ,167510 164538 183982 185869 185401 165480 184427 169720 165638 160654 
168807 197599 197831 134478 193996 192361 168132 183095 167198 167531 ,168807 197599 197831 134478 193996 192361 168132 183095 167198 167531 
511332 488458 555590 515413 90430 81754 488318 483057 488133 496562 ,511332 488458 555590 515413 90430 81754 488318 483057 488133 496562 
414289 435320 403400 406337 420981 436049 411936 430675 422464 434447 ,414289 435320 403400 406337 420981 436049 411936 430675 422464 434447 
516594 500724 511488 511156 515652 511632 70992 507770 517729 504154 ,516594 500724 511488 511156 515652 511632 507770 517729 504154 502870 
470918 458782 157846 460427 441227 88579 117046 463784 105964 91415 ,470918 458782 157846 441227 88579 117046 463784 105964 91415 97674 
360070 389317 382982 375654 396046 362709 382654 388672 384925 364778 ,360070 389317 382982 375654 396046 362709 382654 388672 384925 364778 
335914 349032 328059 350022 355443 328500 358026 342304 348688 325499 ,335914 349032 328059 350022 355443 328500 358026 342304 348688 325499 
410326 395756 379440 371534 181545 258443 399807 360161 176542 527247 ,379440 181545 258443 176542 527247 368404 399369 396555 46682 368973 
456996 443363 477555 440439 474434 447864 457740 441895 457235 449323 ,456996 443363 477555 440439 474434 447864 457740 441895 457235 449323 
429578 408136 435327 413883 430178 419092 435547 419187 432784 419467 ,429578 408136 435327 413883 430178 419092 435547 419187 432784 419467 
279588 256044 257104 259477 252453 269139 255267 303554 313636 264035 ,279588 256044 257104 259477 252453 269139 255267 303554 313636 264035 
550922 90169 542477 533471 548116 447672 116569 532186 546609 549137 ,550922 90169 542477 533471 548116 447672 116569 532186 546609 549137 
424948 400878 439981 431144 414459 401193 424620 413163 408547 411320 ,424948 400878 439981 431144 414459 401193 424620 413163 408547 411320 
139838 157409 10235 9715 34148 102062 126672 9042 156580 35173 ,139838 157409 10235 9715 34148 102062 126672 9042 156580 35173 
302629 288832 285091 308451 315813 288502 300841 317133 288779 282540 ,302629 288832 285091 308451 315813 288502 300841 317133 288779 282540 
358251 326542 344368 354882 343642 340950 329636 321739 347337 355891 ,358251 326542 344368 354882 343642 340950 329636 321739 347337 355891 
531888 515953 543847 556062 546418 545736 485768 548725 512233 476465 ,531888 515953 543847 556062 546418 545736 485768 548725 512233 476465 
248721 85729 306500 296608 285615 285401 285519 314357 262910 264761 ,248721 85729 296608 285615 285401 285519 314357 262910 264761 268871 
540240 542053 534561 523795 559113 532190 547555 539655 537556 552077 ,540240 542053 534561 523795 559113 532190 547555 539655 537556 552077 
1144 5266 10715 14426 1364 31684 16503 34706 14432 31457 ,1144 5266 10715 14426 1364 31684 16503 34706 14432 31457 
316458 302274 297158 295837 285712 286971 319682 308791 286846 280294 ,316458 302274 297158 295837 285712 286971 319682 308791 286846 280294 
313907 240961 20867 244833 292647 279912 283123 313953 82207 268910 ,313907 240961 20867 244833 292647 279912 283123 313953 82207 268910 
350373 348342 333125 345926 344209 359027 355040 354492 356264 327174 ,350373 348342 333125 345926 344209 359027 355040 354492 356264 327174 
411605 412718 438010 423131 413262 408911 412671 430804 420266 439133 ,411605 412718 438010 423131 413262 408911 412671 430804 420266 439133 
546557 532011 552729 553018 530981 552296 525167 534735 533871 523351 ,546557 532011 552729 553018 530981 552296 525167 534735 533871 523351 
472426 455779 440368 471627 459906 469325 441567 455609 448934 444976 ,472426 455779 440368 471627 459906 469325 441567 455609 448934 444976 
123332 181141 145206 158221 135129 106961 142887 149140 186456 154640 ,123332 181141 145206 158221 135129 106961 142887 149140 186456 154640 
447988 474177 538533 453358 456915 452195 443098 459406 541636 467458 ,447988 474177 538533 453358 456915 452195 443098 459406 541636 467458 
23400 3529 2493 20030 141625 34699 21488 33026 6526 1413 ,23400 3529 2493 20030 141625 34699 21488 33026 6526 1413 
775 22760 30924 25952 5695 26269 7680 2483 662 18653 ,775 22760 30924 25952 5695 26269 7680 2483 662 18653 
475824 447915 460274 464461 449365 447233 911 467527 14567 448703 ,475824 447915 460274 449365 447233 911 467527 448703 462588 461236 
434055 417342 400110 412621 410272 411910 418404 406971 423838 368953 ,434055 417342 412621 411910 406971 423838 434266 439828 422352 401256 
438934 430747 438032 439418 439833 407712 416092 401674 427134 416842 ,438934 430747 438032 439418 439833 407712 416092 401674 427134 416842 
240718 257872 258033 269013 251423 260781 267474 258299 258879 269575 ,240718 257872 269013 251423 260781 267474 258299 258879 269575 253110 
355380 351904 327125 358979 353682 351514 345166 354952 343952 359993 ,355380 351904 327125 358979 353682 351514 345166 354952 343952 359993 
274595 268244 253354 256168 241839 252643 243680 268350 260760 244640 ,274595 268244 253354 256168 241839 252643 243680 268350 260760 244640 
538189 530922 536922 548230 527445 542769 527181 528047 541087 539215 ,538189 530922 536922 548230 527445 542769 527181 528047 541087 539215 
516568 481481 502988 498962 504798 305544 512901 291809 503372 503572 ,516568 481481 502988 498962 504798 305544 512901 291809 503372 503572 
187578 169128 196529 192504 202977 208463 523560 200661 232051 186359 ,187578 169128 196529 192504 202977 208463 523560 200661 232051 186359 
39485 4441 31473 517909 39068 31497 6725 13227 684 11641 ,39485 4441 31473 517909 39068 31497 6725 13227 684 11641 
413069 424089 433632 417123 403771 439561 427570 400173 410270 439681 ,413069 424089 417123 403771 439561 427570 400173 410270 439681 407516 
325633 296418 339390 346293 353407 336559 358506 339791 324146 356952 ,325633 296418 339390 346293 353407 336559 358506 339791 324146 356952 
154912 134256 133269 137302 122770 135312 140927 137896 150390 126269 ,154912 134256 133269 137302 122770 135312 140927 137896 150390 126269 
321992 335783 338197 340797 334618 329503 357314 353562 349578 356018 ,321992 335783 338197 340797 334618 329503 357314 353562 349578 356018 
501527 487103 495450 208809 303838 504669 493767 497236 501466 514346 ,501527 487103 495450 208809 303838 504669 493767 497236 501466 514346 
227585 231180 202226 213127 226596 210176 211338 221938 222909 221076 ,227585 231180 202226 213127 226596 210176 211338 221938 222909 221076 
32436 13823 272149 28697 257188 252450 4916 28047 13815 10883 ,32436 13823 272149 28697 257188 252450 4916 28047 13815 10883 
150183 121075 142163 123854 158825 152425 133354 154463 147517 129020 ,150183 121075 142163 123854 158825 152425 133354 154463 147517 129020 
268787 262683 270444 241665 244584 249200 264982 270933 246536 240862 ,268787 262683 270444 241665 244584 249200 264982 270933 246536 240862 
8931 222923 10737 6628 143318 30928 4278 21677 540314 29275 ,8931 222923 10737 6628 143318 30928 4278 21677 540314 29275 
110916 104519 25012 105344 100167 475788 26658 105042 494169 454070 ,110916 104519 25012 105344 100167 475788 26658 105042 494169 454070 
266663 264678 276396 246341 274025 269698 267122 268877 276902 275783 ,266663 264678 276396 246341 274025 269698 267122 268877 276902 275783 
293367 285026 314358 318155 306445 289846 302709 313447 308099 290959 ,293367 285026 314358 318155 306445 289846 302709 313447 308099 290959 
417773 404634 419159 425121 420902 411383 436994 432050 413559 415140 ,389459 438831 309140 353878 352628 304295 327360 363372 391478 390621 
231763 293129 6826 2782 26724 48099 15289 230111 260118 352592 ,231763 293129 6826 2782 26724 48099 15289 230111 260118 352592 
128421 123838 135517 135424 155811 143278 146535 150434 141891 159566 ,128421 123838 135517 135424 155811 143278 146535 150434 141891 159566 
301132 293829 281250 296366 295238 282848 289423 278196 316289 289464 ,301132 293829 281250 296366 295238 282848 289423 278196 316289 289464 
38867 256870 37676 3643 150379 24348 28977 18903 20941 284933 ,38867 256870 37676 3643 150379 24348 28977 18903 20941 284933 
458802 462994 228399 210798 212229 533595 213869 414307 507413 406843 ,458802 462994 228399 210798 212229 533595 213869 507413 476658 203899 
351020 330636 324739 41284 332992 66934 326004 342936 323262 57854 ,351020 330636 324739 41284 332992 66934 326004 342936 323262 57854 
420017 433881 400036 420326 423814 417590 407051 437943 412673 402434 ,420017 433881 400036 420326 423814 417590 407051 437943 412673 402434 
463956 458770 541178 449818 39646 505025 555636 440176 408664 441693 ,463956 458770 541178 449818 39646 505025 555636 440176 408664 441693 
109722 96149 116409 106863 97712 103188 87631 109037 97293 85959 ,109722 96149 116409 97712 103188 87631 109037 97293 85959 119927 
352430 323078 357586 124785 138062 176167 133019 349720 198069 124698 ,352430 323078 357586 124785 138062 176167 133019 349720 198069 124698 
20081 317295 300452 340417 323993 333900 208054 327732 293485 206280 ,20081 317295 300452 340417 323993 333900 208054 327732 293485 206280 
532462 543754 540050 545400 544615 539698 539203 553276 547471 555002 ,532462 543754 540050 545400 544615 539698 539203 553276 547471 555002 
85846 80937 93232 102206 104014 114162 530881 553683 95621 114702 ,85846 80937 93232 102206 104014 114162 530881 553683 95621 114702 
369870 371108 378856 370593 394180 374713 399314 379057 396213 378726 ,369870 371108 378856 370593 394180 374713 399314 379057 396213 378726 
295896 297733 297348 282046 290215 294585 314419 319763 283038 287981 ,295896 297733 297348 282046 290215 294585 314419 319763 283038 287981 
390245 378895 370212 383250 215308 364294 371421 202597 385913 237271 ,390245 378895 370212 383250 215308 364294 371421 202597 237271 204201 
354379 340032 346174 334394 349615 326663 343307 357621 340755 339506 ,354379 340032 346174 334394 349615 326663 343307 357621 340755 339506 
533313 501920 542026 549651 539434 166156 549866 39592 526903 184835 ,533313 501920 542026 549651 539434 166156 549866 39592 526903 184835 
52068 43096 69598 73210 66359 76378 49904 77018 50522 75280 ,52068 43096 69598 73210 66359 76378 49904 77018 50522 75280 
68679 257117 54749 50701 69149 267637 57290 72242 47250 54966 ,68679 257117 54749 50701 69149 267637 57290 72242 47250 54966 
455144 474592 470850 451137 471114 459655 478046 234017 447187 461754 ,455144 451137 471114 459655 478046 234017 447187 461754 478053 464174 
125325 155900 125693 159960 124625 128481 133519 124217 153687 126010 ,125325 155900 125693 159960 124625 128481 133519 124217 153687 126010 
476453 464609 354571 461015 333900 277556 256851 88777 279199 320987 ,476453 464609 354571 461015 333900 277556 256851 88777 279199 320987 
510433 80871 404871 95441 414838 106676 113944 86142 412635 415898 ,510433 80871 404871 95441 414838 106676 113944 86142 415898 557043 
42181 92407 139669 354539 112536 65610 91672 525257 335458 180841 ,42181 92407 139669 354539 112536 65610 91672 335458 180841 355550 
520684 527191 547814 535814 556805 529971 522171 533425 540560 104408 ,520684 527191 547814 535814 556805 529971 522171 533425 540560 104408 
200758 223089 227387 210161 210083 231283 219258 203680 217940 201887 ,200758 223089 227387 210161 210083 231283 219258 203680 217940 201887 
324091 351237 287493 312922 350837 315949 354031 352658 326027 356265 ,324091 351237 287493 312922 350837 315949 354031 352658 326027 356265 
77422 53037 79788 45364 70409 51500 77148 45376 49864 63195 ,77422 53037 79788 45364 70409 51500 77148 45376 49864 63195 
518184 498604 507536 486878 489490 508166 109709 513549 496945 485939 ,518184 498604 507536 486878 489490 508166 109709 513549 496945 485939 
301091 292425 290647 288034 282290 297436 317667 286512 293364 309177 ,301091 292425 290647 288034 282290 297436 317667 286512 293364 309177 
276016 20341 3646 4480 20847 11579 14452 32217 7437 464915 ,20341 3646 4480 20847 11579 14452 32217 7437 464915 24752 
158631 133332 125137 155975 127434 121581 147130 145544 137717 154427 ,158631 133332 125137 155975 127434 121581 147130 145544 137717 154427 
466256 473669 522775 459932 556595 550987 491214 444670 116668 458669 ,466256 473669 522775 459932 556595 550987 491214 444670 116668 458669 
413796 413055 411144 431872 405187 411123 421079 410701 411971 417397 ,413796 413055 411144 431872 405187 411123 421079 410701 411971 417397 
306859 319593 289409 292327 291894 289616 283657 295730 285185 287077 ,306859 319593 289409 292327 291894 289616 283657 295730 285185 287077 
252266 253904 252065 254321 260770 250618 254653 274056 278136 258398 ,252266 253904 252065 254321 260770 250618 254653 274056 278136 258398 
208069 209857 219772 203419 523562 232653 232333 230537 225614 212893 ,208069 209857 219772 203419 523562 232333 230537 225614 212893 212046 
556131 419413 396922 96904 383623 404085 373008 381852 425553 546255 ,556131 419413 396922 96904 383623 404085 373008 381852 425553 546255 
35994 13887 239354 7211 200169 219531 26391 7908 652 221738 ,35994 13887 239354 7211 200169 219531 26391 7908 652 221738 
237851 219806 208077 208617 28367 236629 85736 236098 220558 228874 ,237851 219806 208077 208617 28367 236629 85736 236098 220558 228874 
34590 227962 38303 9173 10330 9835 10290 28602 37431 1271 ,34590 227962 38303 9173 10330 9835 10290 28602 37431 1271 
257529 244886 181929 6298 35647 247651 31189 271655 279036 38558 ,257529 244886 181929 6298 35647 247651 31189 271655 279036 38558 
526640 536382 551132 5817 4635 41 524003 548224 535004 3365 ,526640 536382 551132 5817 4635 41 524003 548224 535004 3365 
235868 227466 236640 230885 238499 213335 212398 236107 218129 227447 ,235868 227466 236640 230885 238499 213335 212398 236107 218129 227447 
292339 220906 361685 377151 390772 380394 42295 233450 216202 223939 ,292339 220906 361685 377151 390772 380394 42295 233450 216202 223939 
521904 555624 387147 540459 554163 536980 399828 540835 544821 530790 ,521904 555624 387147 540459 554163 536980 399828 540835 544821 530790 
528001 522621 532767 537284 550523 542386 556222 530959 542448 204673 ,528001 522621 532767 537284 550523 542386 556222 530959 542448 204673 
179207 184019 169203 167721 166611 189805 162923 178431 187526 165400 ,179207 184019 169203 167721 166611 189805 162923 178431 187526 165400 
431117 402755 423325 400104 424999 407877 413797 437263 433663 401946 ,402755 423325 400104 424999 433663 401946 429218 432661 403875 524947 
339938 336187 349330 321386 321167 354621 336594 341491 337490 336772 ,339938 336187 349330 321386 321167 354621 336594 341491 337490 336772 
147958 150917 156226 123015 126123 118208 153067 159180 152100 126368 ,147958 150917 156226 123015 126123 118208 153067 159180 152100 126368 
507058 117446 503009 492867 492611 506343 517204 88656 501830 489929 ,507058 117446 503009 492867 492611 506343 517204 88656 501830 489929 
496897 92087 510170 480450 489338 505794 485121 519839 480783 451881 ,496897 92087 510170 480450 489338 505794 485121 519839 480783 451881 
48084 66538 49735 88492 91497 174586 69908 76980 67573 56444 ,48084 66538 49735 88492 91497 174586 69908 76980 67573 56444 
101063 94718 81568 102845 89817 98592 128482 110282 113488 92586 ,101063 94718 81568 102845 89817 98592 128482 110282 113488 92586 
290299 297398 300660 295266 303995 303329 313740 281689 319168 309209 ,290299 297398 300660 295266 303995 303329 313740 281689 319168 309209 
550976 554736 555697 547344 532159 541030 546497 190155 551899 182028 ,550976 554736 555697 547344 532159 541030 546497 190155 551899 182028 
292407 240764 246654 395108 233888 223004 384579 254614 249905 262472 ,292407 240764 246654 233888 223004 254614 249905 262472 235129 206502 
63985 45304 47021 75288 55017 50694 77897 53905 74836 71290 ,63985 45304 47021 75288 55017 50694 77897 53905 74836 71290 
116192 97676 259576 90490 476048 505720 461239 245712 463362 103308 ,116192 97676 259576 90490 476048 505720 461239 245712 463362 103308 
9335 202818 5647 57907 442760 442190 446937 460268 36371 453462 ,9335 202818 5647 57907 442760 442190 446937 460268 36371 453462 
262521 249057 254239 276083 266878 271426 249544 255279 271161 274134 ,262521 249057 254239 276083 266878 271426 249544 255279 271161 274134 
354378 343949 325150 128436 324196 345409 78128 341708 73064 342934 ,354378 343949 325150 128436 324196 345409 78128 341708 73064 342934 
351018 350079 336034 327753 344245 320884 334927 341211 342200 348537 ,351018 350079 336034 327753 344245 320884 334927 341211 342200 348537 
256516 248632 240119 261050 266879 45078 250038 76852 247794 253680 ,256516 248632 240119 261050 266879 45078 250038 76852 247794 253680 
20765 7970 35699 24526 17928 11915 38938 17933 265740 116078 ,20765 7970 35699 24526 17928 11915 38938 17933 265740 116078 
258723 256281 270148 253423 245570 254745 265307 270401 257423 275323 ,258723 256281 270148 253423 245570 254745 265307 270401 257423 275323 
164118 178843 192002 174908 194251 196198 172277 186045 83430 198256 ,164118 178843 192002 174908 194251 196198 172277 186045 83430 198256 
66053 100783 52810 78378 134360 73518 69908 186985 65386 78985 ,66053 100783 52810 78378 134360 73518 69908 186985 65386 78985 
85501 86588 113067 111840 155747 88838 158042 104650 477691 473671 ,85501 86588 113067 111840 155747 88838 158042 104650 477691 473671 
77280 42721 42446 71936 64984 73089 58082 70152 60711 345273 ,77280 42721 42446 71936 64984 73089 58082 70152 60711 345273 
288528 287163 315505 300484 306427 303314 294903 307654 307409 294223 ,288528 287163 315505 300484 306427 303314 294903 307654 307409 294223 
258760 276141 273289 276573 262942 266937 256930 272223 249828 242923 ,258760 276141 273289 276573 262942 266937 256930 272223 249828 242923 
293404 307500 283146 315419 315070 318792 300099 286406 283297 290058 ,293404 307500 283146 315419 315070 318792 300099 286406 283297 290058 
22963 96568 99647 145766 108739 104911 82726 455094 555753 19561 ,22963 96568 99647 145766 108739 104911 82726 455094 555753 19561 
421395 410633 432724 417518 419943 433635 428790 434938 408721 413534 ,421395 410633 432724 417518 419943 433635 428790 434938 408721 413534 
269632 532479 269905 209437 238376 263427 8690 225182 229598 182434 ,269632 532479 269905 209437 238376 263427 8690 225182 229598 182434 
72341 268700 48876 42390 68737 61917 260599 243767 260553 279807 ,72341 268700 48876 42390 68737 61917 260599 243767 260553 279807 
33789 4353 30082 516819 9432 105470 516827 17159 494435 11953 ,33789 4353 30082 516819 9432 105470 516827 17159 494435 11953 
551903 118258 101640 88864 465232 448729 464283 116089 81202 107519 ,551903 118258 101640 88864 448729 81202 107519 97134 84492 95748 
480451 502716 500025 490020 511704 511728 508162 490492 484010 556539 ,480451 502716 500025 490020 511704 511728 508162 490492 484010 556539 
347082 355352 335746 326380 356830 346340 350587 328980 321759 329125 ,347082 355352 335746 326380 356830 346340 350587 328980 321759 329125 
16104 198829 329566 320825 330477 331672 325833 12437 28046 18734 ,198829 329566 320825 330477 331672 325833 12437 28046 18734 231789 
363266 367763 365160 391345 417063 379865 366117 366759 367356 395077 ,363266 367763 365160 391345 417063 379865 366117 366759 367356 395077 
297032 294334 289175 293322 309542 274555 290551 440273 310432 253124 ,297032 294334 289175 293322 309542 274555 290551 440273 310432 253124 
344615 339238 334857 342615 337436 342325 331604 355068 359779 324664 ,344615 339238 334857 342615 337436 342325 331604 355068 359779 324664 
43145 53387 69773 77455 63818 57364 497656 500615 61945 72540 ,43145 53387 69773 77455 63818 57364 497656 500615 61945 72540 
82338 97768 96596 83598 114859 110902 109964 88419 117506 114430 ,82338 97768 96596 83598 114859 110902 109964 88419 117506 114430 
330843 340116 326563 323718 349197 330756 356222 356153 351790 355919 ,330843 340116 326563 323718 349197 330756 356222 356153 351790 355919 
43322 64193 70360 44104 55411 79384 62877 47560 57018 57491 ,43322 64193 70360 44104 55411 79384 62877 47560 57018 57491 
445451 496837 530258 116426 118355 516348 6092 110548 92583 456664 ,445451 496837 530258 116426 118355 516348 6092 110548 92583 456664 
282856 293915 281718 298626 301233 312737 288585 318324 283028 297653 ,282856 293915 281718 298626 301233 312737 288585 318324 283028 297653 
227094 213339 228790 217317 226675 98946 209079 200810 126861 237609 ,227094 213339 228790 217317 226675 98946 209079 200810 126861 226072 
286860 315157 304533 292038 288146 265862 300097 281783 296064 315326 ,286860 315157 304533 292038 288146 265862 300097 281783 296064 315326 
460666 419093 438266 11979 460994 476976 369062 546212 474193 471636 ,460666 419093 11979 460994 476976 369062 546212 474193 471636 415482 
16947 28348 2362 1248 13580 15537 13669 37551 24959 215256 ,16947 28348 2362 1248 13580 15537 13669 37551 24959 215256 
465430 474347 471153 470338 457343 467520 464373 453543 444453 445646 ,465430 474347 471153 470338 457343 467520 464373 453543 444453 445646 
344990 301269 306320 319634 287304 177012 319848 184036 317812 312945 ,344990 301269 306320 319634 287304 177012 319848 184036 317812 312945 
291234 210477 282472 294662 319042 280267 289901 287939 306290 363220 ,291234 210477 282472 294662 319042 280267 289901 287939 306290 311396 
508535 93740 502702 470286 497354 509517 481866 512254 461595 501238 ,508535 93740 502702 470286 497354 509517 481866 512254 461595 501238 
205756 21052 211500 227881 204612 467342 224011 204691 213486 222095 ,205756 21052 211500 227881 204612 467342 224011 204691 213486 222095 
276044 273413 240052 258983 241316 92450 306556 252863 244028 107515 ,276044 273413 240052 258983 241316 92450 306556 252863 244028 107515 
377969 398929 363566 398101 391505 391164 390373 387695 392097 364457 ,377969 398929 363566 398101 391505 391164 390373 387695 392097 364457 
303178 308560 300170 301178 318227 317054 291609 295290 312608 302339 ,303178 308560 300170 301178 318227 317054 291609 295290 312608 302339 
215540 239966 221599 208423 200082 213262 225071 212477 213550 209595 ,215540 239966 221599 208423 200082 213262 225071 212477 213550 209595 
113033 90626 85814 99818 110636 92785 527065 85213 117789 106758 ,113033 90626 85814 99818 110636 92785 527065 85213 117789 106758 
73180 343204 404871 304983 378532 361029 409467 331632 333227 63323 ,73180 343204 404871 304983 378532 361029 409467 331632 333227 63323 
421675 437237 364369 402562 438094 421085 417822 410074 432291 427599 ,421675 437237 402562 421085 410074 432291 427599 437272 421983 415743 
498934 494849 481321 506204 35350 514503 484855 505351 474083 488503 ,498934 494849 481321 506204 35350 514503 484855 505351 474083 488503 
150885 158092 141478 158405 134258 159821 147267 157575 136423 145694 ,150885 158092 141478 158405 134258 159821 147267 157575 136423 145694 
456389 472222 443207 467925 445015 460819 468403 462215 440260 458932 ,456389 472222 443207 467925 445015 460819 468403 462215 440260 458932 
488905 501565 508956 496499 519370 514933 505331 503654 484607 516768 ,488905 501565 508956 496499 519370 514933 505331 503654 484607 516768 
241096 266059 242631 243937 255268 266045 254954 265518 260322 240548 ,241096 266059 242631 243937 255268 266045 254954 265518 260322 240548 
185603 185108 194757 185741 189374 99317 162551 196851 167441 184586 ,185603 185108 194757 185741 189374 99317 162551 196851 167441 184586 
500123 500895 481643 496169 495480 515902 509904 484679 501182 513139 ,500123 500895 481643 496169 495480 515902 509904 484679 501182 513139 
169111 172735 175748 190667 177039 173974 180051 168699 198954 182944 ,169111 172735 175748 190667 177039 173974 180051 168699 198954 182944 
402989 426527 409725 424717 423398 433919 427337 425670 416938 416900 ,402989 426527 409725 424717 423398 433919 427337 425670 416938 416900 
165197 194618 176122 181714 162497 169050 196916 170917 508143 186194 ,165197 194618 176122 181714 169050 196916 170917 508143 186194 175947 
557612 548263 530036 559551 525441 490628 559184 547262 554797 277357 ,557612 548263 530036 559551 525441 490628 559184 547262 554797 277357 
116764 111015 193146 103728 108785 103280 101008 111723 99126 98563 ,116764 111015 193146 103728 108785 103280 101008 111723 99126 98563 
131965 9759 148031 145578 94537 242500 21810 138282 143279 216701 ,9759 148031 145578 94537 242500 21810 138282 143279 216701 19193 
347451 342286 336604 324863 336423 334465 348065 331177 351750 336280 ,347451 342286 336604 324863 336423 334465 348065 331177 351750 336280 
415821 221981 204437 428856 424359 440734 412190 416967 426045 437397 ,221981 204437 424359 440734 412190 437397 216368 261512 208305 207850 
244034 278244 214226 234708 241591 263958 273533 279208 277642 270474 ,244034 278244 214226 234708 241591 263958 273533 279208 277642 270474 
67752 64191 76065 43630 55058 249867 69609 55212 43743 65129 ,67752 64191 76065 43630 55058 249867 69609 55212 43743 65129 
506638 457678 536184 487551 473271 519129 276864 522396 483159 512934 ,506638 457678 536184 487551 473271 519129 276864 522396 483159 512934 
85417 89617 115110 106929 85643 87231 88169 110424 116279 119497 ,85417 89617 115110 106929 85643 87231 88169 110424 116279 119497 
434810 435744 405570 406359 409556 429791 400701 422721 419720 434336 ,434810 435744 406359 409556 429791 419720 434336 425550 438227 413014 
111493 141127 88292 104241 103071 107216 156024 134281 187515 186390 ,111493 141127 88292 104241 103071 107216 156024 134281 187515 186390 
12914 214360 37309 2552 421409 25950 8061 2165 21359 45370 ,12914 214360 37309 2552 421409 25950 8061 2165 21359 45370 
161526 180321 162093 166948 193930 160118 160634 193077 194014 172100 ,161526 180321 162093 166948 193930 160118 160634 193077 194014 172100 
420722 403053 432954 422098 415886 438337 421729 424762 433004 410723 ,420722 403053 432954 422098 415886 438337 421729 424762 433004 410723 
366603 381049 376537 391444 397709 377204 382597 373473 386673 278536 ,366603 381049 376537 391444 397709 377204 382597 373473 386673 278536 
440736 456057 3728 458809 471806 7075 553397 468024 477899 522068 ,440736 456057 3728 458809 471806 7075 553397 468024 477899 522068 
519923 500947 497144 506146 517253 494834 485736 506855 482079 482618 ,519923 500947 497144 506146 517253 494834 485736 506855 482079 482618 
204381 37127 227722 212469 231600 235757 212294 211060 222065 209450 ,204381 37127 227722 212469 231600 235757 212294 211060 222065 209450 
478405 54006 361536 438731 444117 375039 468719 338781 251806 462480 ,478405 54006 438731 444117 375039 468719 338781 251806 462480 456488 
106525 102766 88098 90161 103792 110638 109638 110675 98152 82015 ,106525 102766 88098 90161 103792 110638 109638 110675 98152 82015 
293982 297058 294801 322037 290054 56228 296183 296592 52958 51675 ,293982 297058 294801 322037 290054 56228 296183 296592 52958 51675 
388192 365016 477528 551947 364820 523974 390730 476221 86935 520414 ,388192 365016 477528 551947 364820 523974 476221 86935 520414 546961 
435291 409628 407130 438520 436237 430115 405561 403581 407071 420204 ,435291 409628 407130 438520 436237 430115 405561 403581 407071 420204 
312711 302065 424087 412671 145095 437539 428973 432072 383365 127134 ,312711 302065 424087 412671 145095 437539 428973 432072 383365 127134 
517937 497434 515094 484473 507254 507085 504399 485266 497759 519268 ,517937 497434 515094 484473 507254 507085 504399 485266 497759 519268 
288754 285466 293506 314445 319854 307066 290869 297816 282600 295341 ,288754 285466 293506 314445 319854 307066 290869 297816 282600 316551 
442677 473487 445884 538274 477950 463494 172008 174581 467042 473083 ,442677 473487 445884 538274 477950 463494 172008 174581 467042 473083 
540036 550891 454598 524005 524592 540473 440750 524049 520811 540267 ,540036 550891 454598 524005 524592 540473 440750 524049 520811 540267 
314954 294813 318822 296488 307973 315536 315438 283657 300129 289609 ,314954 294813 318822 296488 307973 315536 315438 283657 300129 289609 
484242 514323 507878 515673 506083 512471 492924 508587 515757 519462 ,484242 514323 507878 515673 506083 512471 492924 508587 515757 519462 
511306 84221 484932 492470 491883 504389 510249 502420 542945 512768 ,511306 84221 484932 492470 491883 504389 510249 502420 542945 512768 
226719 214316 232693 218936 191569 212335 17891 236818 203492 237673 ,226719 214316 232693 218936 191569 212335 17891 236818 203492 237673 
119131 52116 356380 102836 140361 149778 80121 106869 41112 62153 ,119131 52116 356380 102836 140361 149778 80121 106869 41112 62153 
171002 186206 269524 242060 60974 263656 72625 257333 260764 193807 ,171002 186206 269524 242060 60974 263656 72625 257333 260764 193807 
105374 115462 93913 88209 105483 117689 102216 98752 87592 82162 ,105374 115462 93913 88209 105483 117689 102216 98752 87592 82162 
19860 536851 20459 18879 12611 19452 35387 642 35397 37361 ,19860 536851 20459 18879 12611 19452 35387 642 35397 37361 
127845 138045 83946 102915 106872 113815 82264 153828 136222 144259 ,127845 138045 83946 102915 106872 113815 82264 153828 136222 144259 
90675 83150 118135 100349 90109 84922 119416 83978 105906 92817 ,90675 83150 118135 100349 90109 84922 119416 83978 105906 92817 
314741 306625 293758 271442 258008 240888 301626 263991 274256 297508 ,314741 306625 293758 271442 258008 240888 301626 263991 274256 297508 
85016 143086 150231 152001 167480 83351 145852 154278 94549 99036 ,85016 143086 150231 152001 167480 83351 145852 154278 94549 99036 
197021 164874 87467 185647 160434 100261 106080 189076 188616 177219 ,197021 164874 87467 185647 160434 100261 106080 189076 188616 177219 
186755 83740 107190 170822 157535 177511 87029 185782 97929 95379 ,186755 83740 107190 170822 157535 177511 87029 185782 97929 95379 
90733 458832 92414 301661 287753 304995 306002 459917 100436 309373 ,90733 458832 92414 301661 287753 304995 306002 459917 100436 309373 
176230 82342 181266 124752 132530 188517 198671 344340 349720 170997 ,176230 82342 181266 124752 132530 188517 198671 349720 170997 260658 
487837 515176 517718 499555 504426 484203 480894 492497 509473 495126 ,487837 515176 517718 499555 504426 480894 492497 509473 495126 508119 
129153 160144 20847 149788 196564 38499 120336 180525 196075 188563 ,129153 160144 20847 149788 196564 38499 120336 180525 196075 188563 
260074 246577 246698 268413 31908 257466 233029 25208 163637 257483 ,260074 246577 246698 268413 31908 257466 233029 25208 163637 257483 
315039 293164 303895 283701 310452 287662 303953 314112 305963 303471 ,315039 293164 303895 283701 310452 287662 303953 314112 305963 303471 
507637 496742 201472 303210 482989 483073 484082 483917 483754 308203 ,507637 496742 201472 303210 482989 483073 484082 483917 483754 486377 
299348 294009 286891 302203 294481 315467 304754 298031 285850 282979 ,299348 294009 286891 302203 294481 315467 304754 298031 285850 282979 
199960 110685 177230 197441 170497 165439 174318 161524 169282 165577 ,199960 110685 177230 197441 170497 165439 174318 161524 169282 165577 
424493 366788 425929 434684 391580 439004 434747 404363 429395 436488 ,424493 366788 425929 434684 391580 439004 434747 404363 429395 436488 
281657 295661 95446 307803 474677 440301 436544 521180 539784 270515 ,281657 295661 95446 307803 474677 440301 436544 521180 539784 270515 
355314 343727 534183 346887 534648 542995 540095 535352 535970 543317 ,355314 343727 534183 346887 534648 542995 540095 535352 535970 543317 
496973 513024 510246 448235 494256 512467 518249 517349 497842 519065 ,496973 513024 510246 448235 494256 512467 518249 497842 519065 502467 
434643 415760 414099 422259 428652 406047 438678 404622 439769 424441 ,434643 415760 414099 422259 428652 406047 404622 439769 424441 432486 
37151 27633 228007 32200 29306 212669 5890 5395 28098 441986 ,37151 27633 228007 32200 29306 212669 5890 5395 28098 441986 
247522 255771 268823 249893 264017 254648 252487 242131 273578 255145 ,247522 255771 268823 249893 264017 254648 252487 242131 273578 255145 
316934 301442 308208 317025 437030 284511 309058 293435 292738 310825 ,316934 301442 308208 317025 437030 284511 309058 293435 292738 310825 
232946 236096 213139 203604 226185 217503 208870 218344 214239 237816 ,232946 236096 213139 203604 226185 217503 208870 218344 214239 237816 
37288 21285 29095 16931 444719 39736 473438 15793 37077 14102 ,37288 21285 29095 16931 444719 39736 473438 15793 37077 14102 
335361 342187 348817 347252 350898 219204 65366 321130 320940 246282 ,335361 342187 348817 347252 350898 219204 65366 321130 320940 246282 
373907 371466 369930 386701 385170 398019 395433 374378 371042 399071 ,373907 371466 369930 386701 385170 398019 374378 371042 399071 390177 
379977 20545 550537 151540 35723 378398 481907 21634 538183 417230 ,379977 20545 550537 151540 35723 378398 481907 21634 538183 417230 
505731 510152 505326 518303 490170 488496 423121 480651 490600 508277 ,505731 510152 505326 518303 490170 488496 423121 480651 490600 508277 
177014 164337 165908 273416 185969 181209 198697 187338 191029 192850 ,177014 164337 165908 273416 185969 181209 198697 187338 191029 192850 
286142 334923 337795 295825 282886 305943 317309 341680 302191 297791 ,286142 334923 337795 295825 282886 305943 317309 341680 302191 297791 
466234 50984 453444 454324 445468 469560 466775 512918 68910 497362 ,466234 50984 453444 454324 445468 469560 466775 512918 68910 497362 
425061 437884 431271 387866 385015 378874 414592 424896 409124 367829 ,425061 437884 431271 387866 385015 378874 414592 424896 409124 367829 
269131 276172 260561 263527 233353 14242 209738 250705 268220 9845 ,269131 276172 260561 263527 233353 14242 209738 250705 268220 9845 
477044 502940 477102 102968 111893 466908 451552 18808 509226 463323 ,477044 502940 477102 102968 111893 466908 451552 18808 509226 463323 
444378 443228 451080 443772 454258 446047 450675 453422 460549 470975 ,444378 443228 451080 443772 454258 446047 450675 453422 460549 470975 
551194 557629 532159 553157 552494 493028 510709 546160 553223 532303 ,551194 557629 532159 553157 552494 493028 510709 546160 553223 532303 
197211 177417 162080 167160 185062 185617 176899 198084 178308 199109 ,197211 177417 162080 167160 185062 185617 176899 198084 178308 199109 
217005 217505 200366 208389 210026 227063 229344 221592 214654 216845 ,217005 217505 200366 208389 210026 227063 229344 221592 214654 216845 
2086 36980 6035 7771 218200 24247 221686 231999 209971 10672 ,2086 36980 6035 7771 218200 24247 221686 231999 209971 10672 
435014 429441 438204 406301 436032 438622 420128 430333 436502 434407 ,414695 417044 419229 437807 418297 424386 422372 411044 415330 438724 
234763 209764 224833 230739 207654 208002 220192 206445 216139 215774 ,234763 209764 224833 230739 207654 208002 220192 206445 216139 215774 
367766 365834 374038 366146 390057 15497 397513 384017 148553 400328 ,367766 365834 374038 366146 390057 15497 397513 384017 148553 400328 
143570 154405 141909 124009 154332 155243 130352 153771 158167 155357 ,143570 154405 141909 124009 154332 155243 130352 153771 158167 155357 
73087 70913 56460 51936 65383 62684 70878 57390 63876 42140 ,73087 70913 56460 51936 65383 62684 70878 57390 63876 42140 
317885 303661 314181 303778 289645 319561 292223 313222 305911 314873 ,317885 303661 314181 303778 289645 319561 292223 313222 305911 314873 
341472 241721 302715 339517 280229 319813 321912 304693 350004 332638 ,341472 241721 302715 339517 280229 319813 321912 304693 350004 332638 
472185 86329 491029 469272 443003 202784 224538 461409 463993 447350 ,472185 86329 491029 469272 443003 202784 224538 461409 463993 447350 
287372 282682 300538 306081 282708 245409 515838 229899 25466 273104 ,287372 282682 300538 306081 282708 245409 515838 229899 25466 273104 
196046 179886 167312 172240 193977 166430 198552 174915 193470 187369 ,196046 179886 167312 172240 193977 166430 198552 174915 193470 187369 
58035 42623 15343 8517 64897 40170 46857 44484 65727 65337 ,58035 42623 15343 8517 64897 40170 46857 44484 65727 65337 
274744 331210 251848 253117 345213 349421 247394 255816 243198 322803 ,274744 331210 251848 253117 345213 349421 247394 255816 243198 322803 
224675 207125 204893 203779 224764 227157 231690 233360 203267 214984 ,224675 207125 204893 203779 224764 227157 231690 233360 203267 214984 
367236 378537 382116 280472 464501 435084 284536 291326 298032 292383 ,280472 464501 435084 284536 291326 298032 292383 382791 318630 432098 
242046 268039 359365 242915 241387 254196 272675 262082 263031 269261 ,242046 268039 359365 242915 241387 254196 272675 262082 263031 269261 
421606 415028 428563 430797 525329 432472 428529 400682 404138 406313 ,421606 415028 428563 430797 525329 432472 428529 400682 404138 406313 
480176 510728 489634 517520 492476 487197 503244 492941 498009 493326 ,480176 510728 489634 517520 492476 487197 503244 492941 498009 493326 
449518 470478 462598 472398 451512 450969 497468 450504 441602 466321 ,449518 470478 462598 472398 451512 450969 497468 450504 441602 466321 
415754 427434 417635 424338 409426 391479 372676 411800 378994 416849 ,415754 427434 417635 424338 391479 372676 411800 378994 416849 379740 
492352 304505 270424 504421 316203 529740 349246 278538 112113 529800 ,492352 304505 270424 504421 316203 529740 349246 278538 112113 529800 
215860 227057 207006 203997 212064 212867 216548 231352 214777 209171 ,215860 203997 212064 212867 216548 231352 214777 209171 221412 224254 
412979 409860 402797 426445 436778 411641 417187 425688 419980 418323 ,412979 409860 402797 426445 436778 411641 417187 425688 419980 418323 
457421 455073 84479 475074 102769 117252 462759 80624 102439 86192 ,457421 455073 84479 475074 102769 117252 462759 80624 102439 86192 
293188 314263 305023 303356 315197 296813 289874 281785 293327 309168 ,293188 305023 303356 315197 296813 289874 281785 293327 309168 294688 
481072 491542 480047 506446 483118 492151 515214 499857 517629 505668 ,481072 491542 480047 506446 483118 492151 515214 499857 517629 505668 
24803 109449 3129 3377 36687 118333 34668 32142 35745 39412 ,24803 109449 3129 3377 36687 118333 34668 32142 39412 21514 
80893 102873 115411 449066 95929 100544 93394 487197 92080 95899 ,80893 102873 115411 449066 95929 100544 93394 487197 92080 95899 
514824 494826 518507 487619 481487 500114 491069 516463 490336 502198 ,514824 494826 518507 487619 481487 500114 491069 490336 502198 483716 
462368 466212 452537 477773 459364 466709 479511 469467 468248 460668 ,462368 466212 452537 477773 459364 466709 479511 469467 468248 460668 
418875 288965 300681 417352 298657 438185 308803 23850 271096 300163 ,418875 288965 300681 298657 438185 308803 23850 271096 300163 324516 
499713 521770 88704 98870 98627 106995 118589 112255 179701 81893 ,499713 521770 88704 98870 98627 106995 118589 112255 179701 81893 
333273 341181 334466 178660 328904 336626 84244 334710 450247 173331 ,333273 341181 334466 178660 336626 84244 334710 450247 173331 146068 
214740 248543 220852 235481 210849 208885 532065 226931 203420 227045 ,214740 248543 220852 235481 210849 532065 226931 203420 227045 216395 
15334 27563 388211 434120 90536 11418 459833 531526 7127 37193 ,15334 27563 388211 434120 90536 11418 459833 531526 7127 37193 
543031 520354 527209 548898 545117 556355 533901 548024 547299 537751 ,543031 520354 527209 548898 545117 556355 533901 548024 547299 537751 
104044 162623 553663 180673 13979 97215 111101 112254 183745 162982 ,104044 162623 553663 180673 13979 97215 111101 112254 183745 162982 
251262 20977 402837 2828 420536 417053 29036 325 410527 24789 ,251262 20977 402837 2828 420536 417053 29036 325 410527 24789 
401595 420883 414422 422260 430883 341770 405779 433834 420432 426892 ,420883 414422 422260 430883 341770 405779 433834 420432 426892 348803 
131773 96945 92033 181642 100869 110120 87910 105636 99810 116057 ,131773 96945 92033 181642 100869 110120 87910 105636 99810 116057 
346802 324506 338864 324761 354905 333199 349208 352184 349116 346240 ,346802 324506 338864 324761 354905 333199 349208 352184 349116 346240 
384983 362500 383461 376423 389752 384254 361574 395057 398012 364421 ,362500 383461 389752 384254 361574 395057 398012 364421 383210 397068 
360271 385857 381975 393835 365787 366664 369195 384198 380955 380581 ,360271 385857 381975 393835 365787 366664 369195 384198 380955 380581 
185706 89312 115404 94159 89327 93701 104483 109305 104179 119687 ,185706 89312 115404 94159 89327 93701 104483 109305 104179 119687 
524854 113172 542742 496142 83015 511956 141513 557393 483330 84417 ,524854 113172 542742 496142 83015 511956 141513 557393 483330 84417 
20284 1609 35914 15026 30495 545005 28483 25525 30180 28281 ,20284 1609 35914 15026 30495 545005 28483 25525 30180 28281 
295687 314087 348647 332764 311685 284950 355390 336678 359194 348549 ,295687 314087 348647 332764 311685 284950 355390 336678 359194 348549 
364736 387083 397465 386726 399707 374776 363092 393943 434456 393661 ,397465 383823 386174 379739 371276 360533 368008 438693 390930 388307 
353165 354285 354907 334305 346678 350771 355889 322848 349059 342191 ,353165 354285 354907 334305 346678 350771 355889 322848 349059 342191 
61937 62031 79964 60969 47490 6130 66438 42012 59307 57949 ,61937 62031 79964 60969 47490 6130 66438 42012 59307 57949 
251531 278896 258689 255950 275084 250855 261294 272433 262667 252429 ,251531 278896 258689 255950 275084 250855 261294 272433 262667 252429 
97271 87641 89691 98180 88143 148034 115806 85990 107376 104638 ,97271 87641 89691 98180 88143 148034 115806 85990 107376 104638 
45878 72498 44177 63353 41738 77518 59935 12082 41077 41825 ,45878 72498 44177 63353 41738 77518 59935 12082 41077 41825 
353068 346564 349165 250142 325567 359403 354534 27964 347387 288783 ,353068 346564 349165 250142 325567 359403 354534 27964 347387 288783 
206244 214612 225832 422601 405422 375849 236345 34790 265187 465671 ,206244 214612 225832 422601 236345 34790 265187 465671 559426 205665 
492455 499755 492758 539493 517024 498325 516920 212011 487662 482910 ,492455 499755 492758 539493 517024 498325 516920 212011 487662 482910 
550727 550506 554800 552609 553367 556406 525979 542499 531015 550222 ,550727 550506 554800 552609 553367 556406 525979 542499 531015 550222 
384246 383848 398654 399560 388022 383643 370813 398646 389409 390629 ,384246 383848 398654 399560 388022 383643 370813 398646 389409 390629 
196987 191217 111530 93666 158517 88534 105121 143824 152629 109497 ,196987 191217 111530 93666 158517 88534 105121 143824 152629 109497 
400315 414209 421450 436505 428969 412477 485554 400543 417611 428367 ,400315 414209 421450 436505 428969 485554 400543 417611 428367 421490 
192497 177668 197690 178366 121635 184642 177324 105290 189804 126789 ,192497 177668 197690 178366 121635 184642 177324 105290 189804 126789 
336188 339494 341241 328288 323230 339955 339392 344911 352256 347398 ,336188 339494 341241 328288 323230 339955 339392 344911 352256 347398 
299332 301230 286902 298952 300277 310378 288956 281040 296450 318709 ,299332 301230 286902 298952 300277 310378 288956 281040 296450 318709 
72909 61355 44466 549194 60713 96343 77587 58946 521551 70755 ,72909 61355 44466 549194 60713 96343 77587 58946 521551 70755 
545271 526778 110855 554852 527327 542108 498435 81575 109204 194828 ,545271 526778 110855 554852 527327 542108 498435 81575 109204 194828 
93501 107606 83987 96395 133320 92206 97600 83490 8184 130464 ,93501 107606 83987 96395 133320 92206 97600 83490 8184 130464 
313183 305635 285234 284320 310757 315703 308053 305308 313630 303359 ,313183 305635 285234 284320 310757 315703 308053 305308 313630 303359 
142141 132210 127249 135576 127764 130252 143713 147561 152375 150188 ,142141 132210 127249 135576 127764 130252 143713 147561 152375 150188 
416608 439601 415953 417192 403610 432546 403502 419218 415607 422072 ,416608 439601 415953 417192 403610 432546 403502 419218 415607 422072 
257423 260244 523693 276919 256448 274860 551380 256411 246695 272121 ,257423 260244 276919 256448 274860 551380 256411 246695 272121 272572 
290981 307439 301947 291073 292413 315520 217370 291796 304697 284427 ,290981 307439 301947 291073 292413 315520 217370 291796 304697 480160 
213922 407385 420857 381558 361004 428888 413641 415294 550808 426732 ,213922 407385 420857 381558 361004 428888 413641 415294 550808 426732 
250621 265604 267114 262795 257200 308071 256391 278452 209508 22664 ,250621 265604 267114 262795 257200 308071 256391 278452 209508 22664 
424507 407105 404159 427822 429755 405696 403446 415812 417023 427697 ,424507 407105 429755 405696 415812 417023 427697 410613 418691 428716 
249652 18105 17204 29102 24755 522715 7088 39370 538320 34244 ,249652 18105 17204 29102 24755 522715 7088 39370 538320 34244 
171345 196887 188901 181435 176136 173771 195320 184401 175094 163303 ,171345 196887 188901 181435 176136 173771 195320 184401 175094 163303 
192175 515353 190312 173496 518497 543646 501152 554932 227674 497350 ,192175 515353 190312 173496 518497 543646 501152 554932 227674 497350 
260701 276728 268122 263884 67395 250669 264442 266750 267683 260940 ,260701 276728 268122 263884 67395 250669 264442 266750 267683 260940 
230707 214694 226161 214373 224894 231204 209063 226822 209299 213252 ,230707 214694 226161 214373 224894 231204 209063 226822 209299 213252 
525599 384385 228995 237310 230920 368363 203124 204352 230314 531301 ,525599 384385 228995 237310 230920 368363 203124 204352 230314 531301 
57726 53891 66420 66447 52806 49457 298963 53320 58641 54965 ,57726 53891 66420 66447 52806 49457 298963 53320 58641 54965 
