====================ACORN INDEX====================
Search lists       QPS      QPS(filter)      dist_cmp    recall@10
10        28279.9        2837.01        119.138    0.4115
20        18353        2690.99        149.958    0.6484
50        9685.61        2378.86        210.489    0.8454
100        5608.12        2018.43        294.81    0.9103
150        4146.62        1791.21        383.725    0.9339
200        3297.22        1611.84        472.383    0.9486
250        2701.89        1455.11        559.148    0.9541
300        2332.42        1340.73        643.425    0.9579
400        1828.81        1157.5        741.016    0.9613
500        1489.21        1011.51        850.439    0.9692
600        1250.41        895.367        967.623    0.971
700        1072.35        800.219        1088.77    0.9722
800        948.554        729.204        1211.83    0.9731
1000        767.964        617.563        1352.41    0.9739
1200        653.888        541.584        1504.2    0.9743
