====================ACORN INDEX====================
Search lists       QPS      QPS(filter)      dist_cmp    recall@10
10        32505.4        2885.93        102.74    0.3239
20        21153.7        2754.68        129.106    0.551
50        11250        2471.37        180.406    0.7519
100        6513.01        2130.91        252.002    0.8364
150        4725.25        1896.19        328.524    0.8717
200        3779.46        1723.15        405.219    0.8921
250        3153.06        1580.04        480.949    0.9049
300        2716.16        1462.18        555.279    0.9172
400        2122.75        1270.92        643.507    0.9326
500        1739.97        1123.01        742.572    0.936
600        1479.51        1008.43        848.01    0.9407
700        1288.8        916.036        956.851    0.9435
800        1145.62        841.303        1067.31    0.9442
1000        919.197        712.428        1193.59    0.9462
1200        772.731        621.173        1330.53    0.9472
