====================ACORN INDEX====================
Search lists       QPS      QPS(filter)      dist_cmp    recall@10
10        21255.4        2745.28        154.765    0.5343
20        14227.2        2580.63        194.436    0.7661
50        7529.33        2222.08        271.046    0.9109
100        4381.26        1833.32        375.433    0.957
150        3162.08        1578.62        484.194    0.9731
200        2503.14        1395.26        591.335    0.9791
250        2070.59        1249.73        695.274    0.9804
300        1766.69        1132.19        795.486    0.982
400        1379.54        959.607        909.73    0.9851
500        1110.95        821.458        1036.36    0.9865
600        944.526        726.772        1172.04    0.9885
700        812.299        645.874        1311.73    0.9889
800        713.011        581.491        1452.82    0.9889
1000        587.641        495.311        1612.55    0.989
1200        496.111        428.652        1783.59    0.9892
