====================ACORN INDEX====================
Search lists       QPS      QPS(filter)      dist_cmp    recall@10
10        18273.2        2687.16        179.577    0.6596
20        12016.2        2496.03        228.93    0.8596
50        6284.45        2098.47        322.782    0.9575
100        3687.6        1698.96        448.194    0.9803
150        2652.2        1439.97        577.032    0.9857
200        2063.07        1246.68        702.629    0.9874
250        1703.24        1105.55        823.196    0.9888
300        1438.33        987.492        938.892    0.9889
400        1092.64        811.273        1069.04    0.9899
500        885.627        691.296        1212.33    0.9916
600        756.504        610.022        1365.72    0.9917
700        649.654        538.591        1523.22    0.9917
800        574.492        485.889        1681.57    0.9917
1000        467.429        407.037        1859.51    0.9919
1200        394.211        350.37        2048.95    0.992
