====================ACORN INDEX====================
Search lists       QPS      QPS(filter)      dist_cmp    recall@10
10        23698.9        2793.1        135.2    0.4468
20        15849.6        2639.07        169.51    0.6778
50        8587.6        2313.34        235.48    0.8546
100        5080.99        1950.68        326.128    0.9187
150        3642.51        1693.87        420.947    0.9407
200        2870.65        1505.61        514.965    0.9542
250        2391.49        1362.44        606.698    0.9603
300        2034.41        1238.59        695.74    0.9627
400        1596.11        1061.18        798.964    0.9704
500        1309.89        926.569        914.7    0.975
600        1109.13        821.4        1038.28    0.9764
700        963.029        738.433        1165.44    0.9779
800        847.009        668.246        1294.07    0.9782
1000        692.583        568.279        1440.3    0.9789
1200        581.469        491.253        1597.62    0.9791
