103927 20162 88874 86651 39226 21380 6719 101548 128974 104429
125292 60797 70946 24465 23064 69355 39286 118508 111254 92580
13485 60447 56121 17137 21844 10766 90252 52459 5990 60597
34100 48794 107259 117435 25731 39651 53607 57752 101630 132213
88259 15891 85534 4975 100739 79644 48194 46656 13077 131691
122081 5598 64124 131541 110423 55444 26698 18489 131001 29116
61212 56370 132451 2328 102245 100958 122815 17913 784 63696
85487 91134 17098 16017 60877 124344 13687 17767 45014 114622
117817 30248 101481 98279 122734 120780 124488 100189 81923 49491
108075 23069 53299 123727 107969 63378 72144 18561 31629 49845
115704 129882 19049 59918 117042 130252 65843 1970 113211 53263
25881 62255 77093 90484 99550 102499 31066 40708 57526 64364
21671 49390 60026 44610 52 47042 88280 84745 112672 21004
62008 33503 122559 9792 46237 33576 21436 14326 56888 64463
75599 122475 117085 58404 43335 56403 91337 94854 12018 25480
27064 9240 61950 122083 42187 104306 63946 122594 100 3913
96901 51580 62672 100747 21357 3391 92790 70208 117901 866
3844 62804 121627 75379 94384 97926 94193 115652 26268 64688
3744 38387 14344 89965 62870 1288 38931 42471 11235 29843
7357 46327 45853 101952 3373 123962 93755 93724 89910 105572
77124 91897 104241 44672 43787 35474 58435 24691 95149 91830
124020 49076 20594 84864 79679 104118 63602 102165 51617 81527
93334 1828 126917 9433 113536 74164 3828 1147 27971 49275
122122 38784 90541 46217 104903 84350 109730 32563 46694 87969
41095 84599 127599 21933 115236 131656 31480 81481 84971 52885
67170 21648 45069 98160 62183 60130 73960 57736 39866 26928
50743 10706 7007 121806 24761 88996 132594 73567 130181 46560
132340 128770 130372 46414 86683 932 30628 2438 112223 75416
32323 96996 53563 45264 102382 79682 24531 80111 55038 51574
23304 7461 42278 36033 127151 8463 114383 34865 85640 20107
24448 48599 56720 114730 108946 62581 31541 6040 25699 76543
118182 68663 93143 2470 33694 96450 127856 12329 7016 36304
95167 117514 132481 27467 41806 46640 109015 106299 67013 68723
59648 64883 5174 65779 88813 13059 16660 122079 33240 40836
27308 40053 62491 41166 69112 63045 98012 41754 6593 47988
56069 63073 87790 26429 67029 19909 8866 62505 4094 72399
79068 92640 87168 64583 108006 18749 111456 115911 87823 16179
102667 27482 131541 70429 47006 124875 3393 45531 67231 67957
30693 48373 59949 32887 29251 48549 100185 13893 34600 96310
75771 94898 58759 61675 36574 81344 99279 130406 55978 35091
38830 120422 126165 119377 116406 20606 5001 101266 13320 33326
66890 21591 19947 38723 52350 115085 55667 35123 16453 9631
108653 75419 97371 125877 90524 88397 33554 56870 44689 113546
121910 66094 109762 72341 120874 79663 35841 16290 89807 110606
82876 90801 86454 125300 29799 76339 74765 25188 1722 81626
47773 11664 106424 125986 58555 53443 9360 109202 25299 21594
16292 11782 7456 27200 28070 116813 85259 31893 16153 93529
36625 48168 106045 3852 104196 48426 55365 116577 1720 90555
127401 33747 122827 132270 106748 87213 106609 71747 100597 8923
109227 45879 21971 40274 67524 78671 72772 9471 55155 6297
72760 101034 99537 96635 91598 110050 93198 128223 123620 48647
52516 30654 24913 69087 102076 130079 85066 72428 65262 92332
79912 102729 36170 68175 47666 39482 71538 128345 83078 104616
110048 4055 24635 13006 128454 21299 118366 110154 109607 114117
129408 90759 90609 128038 51784 116835 23585 86978 111999 116171
130201 85453 19440 32225 30128 778 88246 98181 72549 9418
5650 73413 29810 88302 55000 55383 91192 48817 99076 70870
32905 115061 131060 32579 102102 71113 53536 66269 49406 41110
131773 54266 42912 57576 84933 36451 70183 41800 17045 95699
128355 65626 19692 88283 41938 122025 17743 5164 39284 109719
41915 124127 50516 80309 96980 18430 117502 15840 94078 116555
29565 3953 124569 108371 14596 103905 48761 63060 72751 87342
80775 84164 50119 66321 6292 23886 66757 127601 88220 111486
109909 38362 112757 74054 103999 70449 110236 94874 59650 29333
78572 109436 127701 94619 58135 117794 42173 78332 25558 101541
37970 45497 105203 82306 4648 727 6032 100949 93004 10773
50126 101525 94578 34417 6520 72420 122133 40246 29009 33067
100554 19710 127425 47185 30172 91583 110715 9495 9023 72812
51048 18153 115481 50043 1434 59805 87036 26322 73567 60118
129183 108288 97793 102738 12407 87473 28392 89539 105000 86014
125474 7432 5397 69247 120812 104441 34242 53375 116757 46201
71057 2510 67168 89996 18382 111713 120935 460 4190 85553
104401 93264 92214 82786 12638 30419 130220 53970 59359 35672
92470 50842 13670 120258 84174 118769 123547 26984 61912 73410
71453 7177 110875 33005 104215 73360 125420 84304 20624 59735
106548 6541 5761 123840 101971 109473 93633 27623 23902 37011
118657 42281 34766 70116 69254 22614 110041 114352 2224 132241
97292 98794 36660 46633 25640 91202 50045 21862 384 96325
97609 23517 115419 75204 129042 17971 131115 53938 86821 51844
10787 106217 35652 6397 130372 9114 22800 78219 108856 75416
25647 20715 58341 80728 81128 120773 14917 107394 68615 129861
130511 105650 107785 50174 32968 131872 26370 95684 28441 73935
90535 114682 70076 94795 93470 12389 97240 27857 27130 85368
44580 64874 61909 78280 317 71922 30277 3543 61304 131897
101602 75088 51495 14632 66334 75872 125974 11536 71405 26801
78033 833 100058 125947 87837 80287 34078 124978 35936 117853
79080 85415 90534 99324 27424 86981 7356 35619 92066 19075
103634 71956 61513 130520 43767 33348 34243 54076 44425 57860
59087 4549 42522 34744 58938 227 56870 87686 81006 69289
71920 126374 5001 43782 109119 58559 56689 50187 88284 84219
6593 26816 24406 109209 88299 96923 17451 14123 108056 9267
16190 67091 119626 23668 64392 10532 21996 100727 77436 60888
43297 34417 28764 12204 117890 116182 32036 80924 30472 97595
81471 63283 120721 23135 1546 90343 54056 69623 116488 11639
53239 54690 48457 42693 96353 82236 100779 49029 8702 99962
116869 98641 17638 89311 33880 96883 116531 83347 93566 112432
47579 90091 38383 36678 20626 79178 26816 129377 54809 40665
64713 2286 64387 81699 110480 36790 77565 116124 51694 37385
61289 57690 34835 115707 98817 96144 109975 56258 67290 125824
35945 19560 4844 101272 9169 109311 65174 95608 89647 10494
98648 26985 66998 119840 30179 8057 29817 80310 55831 28818
55667 38723 93691 24245 9631 36924 60827 74801 3115 27698
65708 53521 12839 24332 54296 41333 27767 231 103337 35694
34036 86216 49851 68783 110969 70515 113175 109102 47224 67760
17689 18054 38537 72729 58254 68746 26739 125977 39722 34481
33607 67280 107244 27490 108704 71779 44371 92494 86217 99394
105936 118212 120412 125543 24712 66550 64617 84968 78506 48405
67464 62028 84217 114698 77130 132344 126960 86104 22952 37212
10830 18808 103883 73903 121144 104603 907 27222 103641 29581
25451 46359 18373 126316 130179 113750 103127 6075 35575 50018
52028 25770 2235 39523 36062 114024 92443 98216 47969 9729
17972 86204 75148 48973 65679 19136 79700 4022 26652 74464
115771 130645 59890 35517 109985 60117 605 35996 22041 61642
18858 106675 86992 12491 91163 87391 70870 117601 27577 56887
124112 105111 32041 54722 29545 75456 51018 77097 19217 26453
112976 116486 51293 107673 59265 1370 83984 123594 100677 5600
60883 60463 68046 60203 32769 57513 74112 26320 56763 57578
14609 40130 131597 103334 87389 90015 21409 105574 119499 77547
28791 123283 49366 6733 22869 109473 98918 23966 103250 121911
11097 60126 29363 38141 114026 22298 76157 34423 28357 131865
31299 93476 52748 111460 59868 65851 29941 97273 1909 129628
9755 42325 9481 114556 5880 47892 9786 114667 33775 108944
72604 73360 100572 40982 10120 24723 125149 116871 24488 71449
101438 76772 7801 28373 43344 3266 94418 123185 97812 43389
13730 51571 67348 127265 16103 98616 17071 122491 17548 28074
43681 105741 31487 29798 117287 34237 51047 75157 91750 52040
17258 85728 12792 82890 10872 49171 42900 34857 66148 95069
11213 96669 30166 92047 106543 48013 41079 100401 14306 7734
110315 74729 18718 102621 7533 27638 9125 63384 131415 75073
87155 73633 79547 83170 100335 95153 12371 4313 131093 84960
83569 88102 83551 118170 39882 30081 16680 129416 132295 82481
16493 130692 77227 7152 28533 68586 40615 82477 112232 25309
93593 75730 117236 126127 113036 82598 102250 105173 105392 45004
58099 5968 37916 3085 85747 16637 77855 7435 31171 37857
16635 112920 4383 122470 28005 132135 56018 11874 117802 113501
8648 96894 89080 39366 127324 14336 121900 5158 100387 126991
18181 117374 84572 3957 32453 101535 81145 67463 7767 42471
113076 39218 41046 110484 92495 16658 81143 90238 47827 106131
3678 9634 120380 39566 25309 14098 87388 11262 57414 18022
39570 39523 107457 8388 57210 58630 36369 1679 97769 40195
89991 2018 46932 68640 42880 82664 97588 15579 47224 15578
59028 63576 97289 19531 128221 61485 98614 128875 54666 81844
99815 105571 61916 47835 72245 6391 46189 40231 10962 27724
57053 15351 113334 16071 51949 53554 66481 54317 98978 90082
15856 56111 50929 88036 48299 107807 80097 68376 65024 66294
104418 12491 123162 7620 69287 119921 50614 20544 93612 92990
37291 63800 64301 4686 95610 365 21009 11149 67604 55295
26081 3954 86422 124328 28252 103410 63489 36694 12575 70650
128653 43409 18005 42248 96654 2374 45644 6108 74575 46679
69213 60637 122067 7431 45974 58276 121509 18830 49838 7800
94492 4884 3110 97400 4552 51710 16759 13504 28182 28746
12061 87991 53574 101709 28155 123643 131371 18915 84868 21740
130627 86649 58316 44783 90238 60381 34917 17842 118808 107337
10217 57537 56781 71239 104806 82989 40767 35062 104752 56381
14966 91898 16343 60662 56466 51367 49971 4446 4799 10262
12808 15926 128118 10743 106234 66080 87841 12169 99076 32429
116107 46201 31678 118571 116757 5397 83146 39228 45635 46237
49231 18621 131005 122398 41337 59615 51238 64948 72948 13892
113468 120780 127533 60411 127464 81923 97897 1700 109471 37129
31594 11529 12426 82836 31157 69201 3715 41367 46584 16071
56438 76551 99639 124340 11989 21206 6001 77476 55394 130145
6609 113489 61848 77201 72458 8927 102431 92376 85805 14608
35320 87142 6332 77335 42419 84471 89406 104089 72009 106472
15850 19035 54987 31482 42084 113524 108515 4084 25444 126896
32726 73682 118927 3016 85471 16782 16969 27347 59613 110802
44278 117417 60666 79938 47386 54776 117774 25355 117682 128229
95778 48924 70094 91694 65151 53584 23203 31866 62789 84478
38443 52708 31666 32009 6185 9278 44681 4292 94131 23676
64883 72679 13059 122501 116032 65779 50937 59648 122079 5174
48351 8498 73366 110139 122987 119154 4002 112615 60407 50416
34448 5604 67281 12513 52507 27482 83504 87143 42627 20664
36933 131299 118320 110287 24224 84092 19558 31656 119549 122989
23720 130513 17355 130840 105980 84626 53021 95330 123445 101538
16398 75026 113387 774 108949 84881 124118 2443 102676 32781
59346 21461 67260 53753 98823 89530 76409 34387 18580 94378
28271 16550 5600 92165 107894 67053 132588 30309 67995 3407
77701 63681 85479 125346 74273 55605 123709 11157 21188 123195
38714 108098 49923 25173 94236 115828 132482 71560 52301 86553
57774 38651 6667 122031 50932 40816 20608 80980 107926 11128
88627 25720 91232 72243 66569 127130 11723 115725 34927 68694
75814 13061 67315 129192 75331 70864 118517 66207 38944 8619
131867 17806 15430 86925 120527 111260 3181 72681 117064 86616
49480 118834 19251 38344 49119 128105 100653 19905 41016 82547
64859 10103 112100 57230 110893 126592 80189 79474 48231 118147
87971 49167 8057 90055 45079 95456 14732 107001 8365 116374
41026 82330 16890 64593 14422 60500 55927 98903 34839 5517
95375 20432 15527 39481 83755 110542 72327 86590 31707 98458
108943 82053 30170 6099 91005 45334 81134 9906 27817 91561
45034 35824 8918 36092 63758 107731 92913 84349 130255 25391
93425 98064 94968 27891 70712 92778 126658 57250 104084 24868
98565 115483 55829 91117 31399 15149 2464 20099 25056 127008
14232 114574 23589 49909 39071 55922 64849 122505 51919 44323
7505 17123 7176 69808 23120 12913 73407 111690 44225 63384
94957 122469 70608 45974 73896 21382 124509 37003 116287 104569
33097 68634 97336 72126 52596 125667 59902 65231 92481 60315
100938 6878 3430 79900 5759 34683 5099 26915 17284 129045
7389 22588 11730 2855 15252 70648 23489 71914 122466 45158
86302 78889 69201 91540 41515 62794 82836 56724 39 110375
67255 97962 23165 132536 68241 76913 50415 73701 124120 100185
82362 24427 82346 67246 48704 39251 52451 30324 116777 97365
