7808 219473 173427 609191 912475 908627 444861 593678 913949 898309
25468 21854 307442 309748 329369 347314 71220 61715 297600 543844
8821 192960 44871 245794 309349 362851 369076 51977 362833 330433
40226 82877 235332 64352 201160 371538 352141 349646 274055 189078
794 230009 230534 914001 605508 376597 609470 443870 436128 598986
23352 370896 320358 329340 226945 311485 136216 143300 147112 195188
11487 330267 47099 313530 319500 92758 353686 230764 77734 269668
32728 441080 914442 434023 602227 592322 912596 609436 898998 602765
187 117270 70088 281405 26774 178005 13838 185699 324119 181600
34684 267119 310893 207885 198265 908301 911172 443439 370886 606730
12921 238939 281522 110684 179079 10560 360036 903672 57058 68405
24302 167879 325601 238212 313382 312501 75253 285199 350205 370344
48971 201445 37464 197075 347247 101564 17845 796163 200659 912078
32075 597493 438061 376893 911293 390569 430816 912532 392017 392472
18967 596796 905801 607055 378268 906741 594878 386136 388239 447805
41446 264069 909985 392974 213243 593616 609420 598173 385358 902939
13283 351160 104225 37081 349573 390548 908612 381328 436137 385911
10076 433474 436395 905685 434466 442511 608467 444851 607440 436232
47505 443433 904662 603897 435384 606664 608724 606421 446276 445927
4933 269668 152898 83265 9738 50869 6031 104868 267262 74011
48838 79423 402299 304139 956125 680501 28276 488814 596990 603861
1099 597560 594239 440917 439591 446446 445177 430467 601470 436343
17651 383232 388568 901267 902982 432315 608700 596476 912627 386664
29678 914064 378560 378518 437255 380074 385417 897365 897942 603417
46140 236851 267700 218670 222907 170739 205339 594061 436155 445249
15340 251932 311137 67701 42973 173939 582651 319053 348950 302651
13707 278405 79495 168446 324634 229278 339350 154904 315616 120787
20795 120387 256494 469885 18731 829504 294632 277750 79992 694019
2075 13740 262752 457741 84237 217593 433090 302000 431007 953170
7412 170484 374415 419419 914525 382175 430799 600059 603425 441104
32489 218894 47711 309449 41524 215296 83324 173091 300049 38522
23840 183595 373534 15393 35767 331198 305915 321042 263341 38760
26652 439945 382868 376652 376152 603830 430358 444161 899442 436130
47254 600165 608764 901857 908952 435596 907179 445242 897879 86475
49803 355241 337084 30395 44420 342582 906743 384776 595872 446226
14944 121188 315808 441949 9525 910849 607675 223613 447157 307558
47475 166616 33252 432953 383925 606036 391239 269279 436216 600207
14617 897588 438014 905980 598126 447274 24406 375178 5788 274268
15390 240770 438151 435744 376334 434991 429662 599855 378287 906899
14678 6300 297712 121482 311988 253119 219413 118611 233437 300024
39259 381029 909235 603540 386265 907979 431500 957922 813963 101374
29128 59569 38680 204237 94608 249954 263743 328252 5037 180738
19054 1862 23762 39318 208008 249570 331150 202745 176884 441020
2073 369276 182312 164290 289648 235738 69642 295776 23108 332715
37208 37780 447263 910117 595523 49074 199713 74545 688766 412534
7622 249168 244922 174527 234934 251837 197657 180228 122823 4809
21921 597451 908548 594250 898730 431822 385860 441841 711274 745088
43016 245083 208992 441063 900661 593720 913558 604954 377974 606434
16722 88813 239826 133132 219245 308857 335147 310901 46642 301316
24649 390308 388323 383713 910115 337378 435056 335258 227779 479796
37607 297978 57695 34685 131052 139669 329174 206143 16494 316439
36847 979942 696744 811553 734252 969030 525155 662957 898639 593205
43837 372127 23489 48394 283601 188369 141816 30789 901714 908245
12762 4878 494533 197504 435712 444806 905681 392163 901212 901794
30775 214987 436619 446944 906862 599824 607705 602894 329028 375758
35008 899495 447239 382857 389442 594748 445986 378877 385841 431043
37410 233057 392377 913017 898734 383241 389547 393659 393130 905186
1190 904249 602703 376631 393847 443870 900520 392023 593316 436579
6516 212805 295373 293019 363178 51178 224447 313969 81941 373768
26447 142127 689249 172309 129254 368831 87289 54390 247051 391562
21025 22204 79285 222974 324820 254011 35626 369861 306677 175129
39250 606932 901316 907505 443315 602205 909306 431734 908251 392699
9304 308585 294345 479183 156748 677752 349134 102076 759891 186647
16564 208244 393566 602932 441038 439036 602297 383040 384323 441560
110 599744 602821 386394 591789 899530 899385 907498 912405 600981
27557 274840 52678 191444 216135 338552 447 215718 132026 48186
14964 99275 362945 432529 898637 605255 903197 910174 898750 437482
13744 598514 596257 913623 385211 376655 606029 380066 902687 594696
43531 232201 239600 385889 594224 376271 135972 847172 935054 582686
10673 53199 25513 241410 206522 788760 213363 251093 153233 56962
26537 152518 240905 91725 37170 879412 509920 222955 197129 69459
40885 133132 11584 98642 23749 116491 566 134712 239826 262742
6414 291431 365178 146158 130279 80985 259567 208730 44851 38233
16488 910937 444729 433473 655151 907156 439537 905362 429582 897354
5383 597569 438986 600112 376194 594041 913365 902929 463333 269858
7410 388579 606627 375725 914437 896772 910646 908979 597421 430891
41352 178363 138134 225701 235379 121256 329722 890 337276 446214
12535 903452 596477 606130 429637 430481 391784 605724 429921 438090
20205 373547 361453 28124 204812 151848 135472 365759 226119 285487
43053 226803 261764 445925 444426 436151 596546 377596 914075 447767
36052 345992 252185 113251 332449 5005 4929 321309 169317 71797
19740 95764 608741 609151 335555 435596 902847 901303 383636 608764
35543 327888 208144 109510 104382 12061 11411 331736 330397 195927
16859 43222 546778 969949 204503 593590 19601 114275 147678 906740
18946 432311 393629 439624 442485 442471 392096 385448 606621 898027
3169 379920 436594 437497 899408 912964 903535 444378 913921 886673
49514 999232 594839 184072 376860 437176 900954 388794 389993 604852
24655 137620 280631 759165 624695 135395 226259 80407 153309 596226
17293 136870 442462 909990 433911 383283 899463 391191 595172 385416
586 442984 429903 911838 900550 445942 598125 432972 432378 439847
28395 36652 310749 284023 365197 2945 111515 244351 385669 184630
25905 903237 603744 429666 432956 605167 901321 912944 896987 443000
37851 902968 607756 602902 598794 439032 230447 43302 638897 783310
21588 16494 350806 206143 60164 297978 34685 192123 131052 316439
17100 343028 92286 131850 365469 144983 239378 68130 32542 447244
3683 171221 447692 608859 600598 592586 390705 279537 288109 88167
42135 915618 94787 47312 109118 191040 606011 107374 8067 299841
10084 169157 91208 344123 328045 25474 44489 322047 293479 151002
7101 55457 16444 607170 592384 914074 376192 598065 442187 366825
22357 168585 390676 321496 442464 385841 445986 607151 609934 911999
41962 294680 42304 294005 289549 608890 392463 443481 387155 593197
33281 333394 326746 334508 128678 357062 178590 130909 24055 263934
35701 376872 445672 387473 443602 910954 392996 905963 441199 436979
3865 193023 18974 139973 247535 30828 319045 366713 50777 50769
48919 431041 431044 600997 598981 591904 603417 914064 435298 912988
43098 22882 269052 301113 299847 207124 32119 155464 182922 337606
15171 166582 693869 957518 20318 107041 54799 130098 168325 802885
19275 8277 609430 907516 393034 383746 431445 446413 432529 907533
27879 593996 604336 390633 431043 606336 907561 389430 908733 445327
22866 57879 202967 264690 372794 120634 596439 239935 601811 386162
19464 438427 433173 594322 386394 593603 899385 393919 429676 596489
7982 77775 676706 902827 430663 262695 27947 48823 819072 96670
13503 337583 200042 123631 78860 50862 381032 134215 604246 600227
12971 898024 601030 609422 601369 384563 439048 375749 896932 606406
34078 158688 317949 341359 128869 66051 305588 32596 3988 171323
20424 128194 239387 198170 392466 597892 444398 7844 907448 905426
10235 347871 16891 216874 73470 173451 211061 37936 14359 49389
1532 444133 445650 604670 391123 898535 605708 902200 383794 597784
40282 165450 17951 189152 153850 185681 107270 154271 220922 67741
36492 604237 904910 607627 899425 598693 434042 591888 379589 376682
15435 302604 80626 227494 93488 73197 372966 313887 354551 72455
21231 429942 380334 390295 433869 904747 911762 387699 904247 910873
28967 191649 34606 193118 61899 328574 216312 987738 377781 610852
34211 914126 899433 387467 431684 896882 392456 898525 597326 441959
21124 594759 434734 601829 381680 431668 595895 605164 903882 393861
39776 373111 323781 909622 600061 355428 386332 382369 436997 443005
4793 256618 463006 330389 313251 157192 21494 176283 35059 630211
49717 597353 308075 898967 376682 381691 607739 606168 391357 390309
29596 97144 62110 118879 357610 357338 107745 178958 70512 338683
35408 255231 192731 179027 259921 212240 236628 363705 33758 373467
43781 594804 606083 441169 912440 446944 377973 596529 904238 902927
47955 123128 19428 378929 62810 604840 389747 385386 390303 441133
40043 608787 903864 378966 385490 381759 431398 905804 379891 899495
17669 879436 607689 901986 897468 378250 902208 445679 436661 899439
44264 61044 219041 67482 639954 524456 319117 50511 223496 542909
38675 234814 263015 242659 61153 64941 5333 906859 433018 391302
35607 340531 116133 100213 24074 351017 100030 101074 117332 146487
30031 148239 321895 606029 913674 432418 378966 900335 607151 442466
4645 208062 352203 111160 77151 70080 336962 321696 301086 98616
44836 133801 509920 217613 384730 271718 914529 431408 904828 393942
920 907440 392393 393658 597572 436165 379377 393942 435749 392349
47743 379951 433085 446381 439076 444757 440312 900592 384691 911823
18183 255303 378569 385407 914469 902630 604359 900360 913345 381345
1327 32530 353224 274268 18022 67120 9569 375178 265567 141919
28536 199713 291178 356178 74545 36417 129749 37780 66584 280474
6725 128822 34728 229446 349452 245441 75262 145165 308151 330132
31266 906487 603381 390541 909638 913285 899722 596947 903952 896939
31659 361218 253371 316153 200058 40312 366172 836373 256842 174891
45046 375249 149544 282599 95590 289224 15590 69187 114183 219455
3526 88013 47741 80338 28276 72513 338372 333609 288912 278213
47151 593316 438083 594045 603770 602165 896856 436193 607613 607700
19770 44731 93858 185985 330393 359113 361048 207496 114905 280958
8876 354956 365980 204879 355610 101419 147244 254308 218223 185050
17233 393585 583249 447172 600319 376628 446224 596915 385466 459701
4868 259389 190974 30396 299385 321456 92679 196048 105724 44886
40944 76785 8345 8905 978812 138159 699391 143050 34725 4982
34110 144817 924481 87576 436568 439933 376675 911358 383633 605602
39153 184029 1706 4806 117657 214674 328304 65604 138097 42493
42213 315944 17884 375368 305785 111737 306372 433492 392939 598561
47041 204456 908499 393004 601842 381098 605671 391128 591691 381788
4778 68856 164224 76150 234127 150000 245186 111415 58236 328604
36764 812078 601818 602341 446907 899531 600252 389481 390395 430353
39881 131844 287822 302139 195012 284336 211027 137434 146548 193118
14533 65851 276111 302517 330856 284825 262780 116356 182735 935561
20950 9888 373062 330581 604224 608449 440285 386669 901259 596190
3266 871600 281974 963654 604571 393552 444009 899386 598655 591789
37072 303565 233619 17514 222618 124078 101393 371183 89105 317611
44257 310139 235427 122971 258504 599450 432994 382976 294766 608913
33650 161046 89309 37507 247976 284995 36461 285762 262067 137787
41370 285210 902589 606691 913332 443484 906516 602814 606716 436688
42402 439665 593204 391829 437913 606664 602135 598751 905447 904020
20125 903960 911417 595172 912492 386181 384306 601425 593296 447162
14446 297053 273514 829604 602717 217339 392418 908575 900867 606437
41418 264350 221942 227559 49802 113331 32027 120569 177648 311373
17362 437913 905447 439665 904020 598751 415497 630621 778580 399564
46743 351383 49653 268242 247062 262874 117282 296571 34708 300060
13005 321841 96346 286227 204728 272730 263010 323540 268673 196480
356 356017 326266 302138 289551 93241 95756 138915 363188 117832
25122 373070 317001 84085 217121 272115 175241 42537 121445 248548
47601 330135 102930 186561 126162 309275 109670 351139 63290 204112
1215 430809 393929 383650 441672 605635 433151 607657 897929 591977
3493 603521 441528 897558 594751 595511 601842 447374 593651 446030
30401 902247 434045 913313 393589 609213 436200 901393 592337 384844
38941 620849 369985 47637 54829 894553 45485 172648 352921 213605
10748 400077 256153 736874 347129 286161 118866 66203 97981 323965
44573 70896 183895 57139 331369 326857 72580 120770 101202 355161
29192 88053 256725 289306 370541 347110 126578 360664 274715 62264
15836 64328 853534 269899 133696 165418 82002 18146 318332 5060
7958 265539 135522 88712 44789 207418 293202 287250 324565 367403
19410 73404 687774 251071 312533 370247 705494 378244 376123 608390
49263 100541 384546 441982 387787 599032 609468 381125 443408 440658
40817 165319 300477 387282 77126 63644 267242 308270 262554 118368
12229 796737 4809 24164 68866 29319 291693 222493 151885 271572
15866 379575 446913 899823 906808 378973 607440 598178 387780 442733
45254 280599 261920 379620 897907 914128 897350 905476 909979 595593
10808 357107 4336 594048 376412 389727 595937 378798 896830 607113
22632 372824 911790 903935 389743 386641 377463 437498 142070 388819
29880 136351 33057 219262 163403 110606 225159 49201 180603 311387
46227 901857 593215 911344 608741 604912 438779 447708 597513 605159
3563 201874 33037 390787 596836 435707 594936 392443 446487 388797
